0.756098	8
0.804878	183
0.853659	1241
0.902439	6706
0.95122	32224
1	44302
1.04878	24025
1.09756	2885
1.14634	575
1.19512	178
1.2439	51
1.29268	26
1.34146	16
1.39024	2
0.76	39
0.8	251
0.84	2000
0.88	12685
0.92	68568
0.96	334246
1	509089
1.04	261432
1.08	29087
1.12	5781
1.16	1715
1.2	523
1.24	148
1.28	43
1.32	4
0.684211	7
0.736842	69
0.789474	340
0.842105	1285
0.894737	5146
0.947368	19364
1	51752
1.05263	63810
1.10526	22983
1.15789	5723
1.21053	1542
1.26316	394
1.31579	157
1.36842	61
1.42105	20
1.47368	4
0.560976	2
0.609756	19
0.658537	71
0.707317	310
0.756098	1347
0.804878	5440
0.853659	20712
0.902439	74594
0.95122	255496
1	184897
1.04878	56250
1.09756	4418
1.14634	335
1.19512	111
1.2439	44
1.29268	22
1.34146	5
1.39024	2
0.821429	1
0.857143	205
0.892857	3680
0.928571	41215
0.964286	334878
1	223249
1.03571	88541
1.07143	8549
1.10714	1438
1.14286	274
1.17857	102
1.21429	25
0.6	16
0.644444	50
0.688889	255
0.733333	958
0.777778	3655
0.822222	13823
0.866667	49676
0.911111	171899
0.955556	572791
1	1775701
1.04444	2174036
1.08889	247016
1.13333	9101
1.17778	1798
1.22222	496
1.26667	167
1.31111	41
1.35556	7
0.72549	16
0.764706	134
0.803922	955
0.843137	6065
0.882353	32861
0.921569	158519
0.960784	690905
1	823694
1.03922	299574
1.07843	12562
1.11765	2358
1.15686	718
1.19608	333
1.23529	142
1.27451	60
1.31373	20
1.35294	5
0.854545	907
0.890909	12693
0.927273	115098
0.963636	800998
1	993534
1.03636	489341
1.07273	11100
1.10909	530
1.14545	96
1.18182	25
1.21818	2
0.754386	11
0.789474	193
0.824561	1803
0.859649	13685
0.894737	86210
0.929825	489944
0.964912	2481258
1	2960676
1.03509	739827
1.07018	14539
1.10526	1578
1.14035	254
1.17544	49
1.21053	17
1.24561	8
1.2807	1
0.608696	1
0.652174	9
0.695652	43
0.73913	246
0.782609	1381
0.826087	6576
0.869565	27956
0.913043	111488
0.956522	419175
1	169561
1.04348	11961
1.08696	1294
1.13043	280
1.17391	52
1.21739	14
1.26087	1
0.755102	126
0.795918	1029
0.836735	6499
0.877551	33554
0.918367	158841
0.959184	667268
1	491194
1.04082	70353
1.08163	6664
1.12245	1286
1.16327	199
1.20408	11
0.76	1
0.8	56
0.84	275
0.88	2643
0.92	16438
0.96	98399
1	75003
1.04	25333
1.08	2478
1.12	494
1.16	150
1.2	59
1.24	25
1.28	5
0.695652	24
0.73913	180
0.782609	1122
0.826087	6121
0.869565	29164
0.913043	124437
0.956522	499978
1	1054085
1.04348	857791
1.08696	22883
1.13043	1765
1.17391	382
1.21739	69
1.26087	11
0.740741	1
0.777778	5
0.814815	185
0.851852	2171
0.888889	18854
0.925926	125007
0.962963	714791
1	638540
1.03704	65813
1.07407	2284
1.11111	426
1.14815	78
1.18519	23
1.22222	3
0.764706	2
0.803922	7
0.843137	443
0.882353	4028
0.921569	28182
0.960784	153992
1	152251
1.03922	43021
1.07843	2375
1.11765	347
1.15686	103
1.19608	30
1.23529	18
1.27451	1
0.733333	1
0.777778	12
0.822222	65
0.866667	413
0.911111	2724
0.955556	16918
1	94191
1.04444	168824
1.08889	124215
1.13333	18994
1.17778	4123
1.22222	1193
1.26667	337
1.31111	96
1.35556	39
1.4	3
0.673469	1
0.714286	27
0.755102	279
0.795918	1903
0.836735	11522
0.877551	61343
0.918367	289022
0.959184	1221839
1	664215
1.04082	41188
1.08163	3999
1.12245	986
1.16327	226
1.20408	31
1.2449	10
0.777778	10
0.814815	131
0.851852	1344
0.888889	10962
0.925926	72804
0.962963	430014
1	1784887
1.03704	408213
1.07407	23347
1.11111	1737
1.14815	348
1.18519	88
1.22222	11
1.25926	6
0.807692	198
0.846154	2063
0.884615	15641
0.923077	98455
0.961538	534385
1	772976
1.03846	375417
1.07692	11654
1.11538	1277
1.15385	221
1.19231	39
1.23077	8
0.767442	2
0.813953	73
0.860465	1076
0.906977	6921
0.953488	37183
1	90450
1.04651	91337
1.09302	13548
1.13953	1010
1.18605	211
1.23256	49
1.27907	9
0.803922	112
0.843137	1132
0.882353	8940
0.921569	54649
0.960784	296514
1	470431
1.03922	292505
1.07843	28051
1.11765	3057
1.15686	702
1.19608	203
1.23529	23
0.72973	2
0.783784	68
0.837838	560
0.891892	2914
0.945946	13430
1	34464
1.05405	39500
1.10811	7905
1.16216	1278
1.21622	305
1.27027	85
1.32432	14
0.68	3
0.72	84
0.76	363
0.8	2339
0.84	11071
0.88	49570
0.92	211359
0.96	828810
1	803701
1.04	116931
1.08	2678
1.12	361
1.16	102
1.2	16
0.773585	79
0.811321	912
0.849057	7034
0.886792	44268
0.924528	240000
0.962264	1153624
1	479442
1.03774	38247
1.07547	5240
1.11321	2195
1.15094	1175
1.18868	650
1.22642	351
1.26415	168
1.30189	89
1.33962	37
1.37736	8
0.794872	24
0.846154	262
0.897436	1420
0.948718	6999
1	14637
1.05128	14220
1.10256	5713
1.15385	1317
1.20513	319
1.25641	92
1.30769	29
1.35897	4
1.41026	2
0.72093	6
0.767442	66
0.813953	338
0.860465	1880
0.906977	9578
0.953488	47099
1	105905
1.04651	96564
1.09302	16272
1.13953	2101
1.18605	456
1.23256	103
1.27907	38
1.32558	10
0.68	1
0.72	62
0.76	307
0.8	1863
0.84	11450
0.88	60352
0.92	286467
0.96	1220818
1	677669
1.04	60345
1.08	4030
1.12	862
1.16	307
1.2	104
1.24	23
1.28	6
0.818182	331
0.854545	3029
0.890909	22708
0.927273	149283
0.963636	885967
1	410578
1.03636	61661
1.07273	5524
1.10909	1175
1.14545	470
1.18182	194
1.21818	114
1.25455	49
1.29091	21
0.777778	50
0.814815	848
0.851852	6454
0.888889	38806
0.925926	207530
0.962963	988532
1	546642
1.03704	38243
1.07407	4229
1.11111	743
1.14815	108
1.18519	17
0.583333	4
0.625	20
0.666667	89
0.708333	384
0.75	1654
0.791667	6653
0.833333	25972
0.875	97408
0.916667	345220
0.958333	1173401
1	450777
1.04167	14054
1.08333	769
1.125	57
1.16667	3
0.652174	3
0.695652	132
0.73913	650
0.782609	2931
0.826087	13179
0.869565	54083
0.913043	205665
0.956522	738021
1	1236820
1.04348	793828
1.08696	19215
1.13043	2143
1.17391	445
1.21739	160
1.26087	54
1.30435	15
1.34783	2
0.735849	70
0.773585	312
0.811321	2122
0.849057	12006
0.886792	64474
0.924528	321497
0.962264	1456849
1	492929
1.03774	26140
1.07547	2909
1.11321	520
1.15094	107
1.18868	26
1.22642	2
0.735849	7
0.773585	105
0.811321	998
0.849057	7356
0.886792	43692
0.924528	229193
0.962264	1062924
1	2297748
1.03774	1953262
1.07547	84417
1.11321	2643
1.15094	648
1.18868	147
1.22642	17
0.674419	13
0.72093	211
0.767442	1029
0.813953	4991
0.860465	21732
0.906977	87221
0.953488	322228
1	102651
1.04651	14919
1.09302	1935
1.13953	384
1.18605	94
1.23256	24
1.27907	9
0.681818	1
0.727273	11
0.772727	90
0.818182	502
0.863636	2959
0.909091	16374
0.954545	82132
1	203730
1.04545	112193
1.09091	9831
1.13636	1212
1.18182	244
1.22727	55
1.27273	10
1.31818	3
0.652174	2
0.695652	32
0.73913	134
0.782609	644
0.826087	2905
0.869565	11783
0.913043	46601
0.956522	177455
1	155194
1.04348	19205
1.08696	1535
1.13043	480
1.17391	161
1.21739	64
1.26087	18
1.30435	4
0.666667	1
0.703704	4
0.740741	42
0.777778	414
0.814815	2931
0.851852	15827
0.888889	83919
0.925926	409306
0.962963	1849661
1	340059
1.03704	17407
1.07407	562
1.11111	71
1.14815	6
0.803922	193
0.843137	990
0.882353	7786
0.921569	43417
0.960784	226015
1	431222
1.03922	346436
1.07843	34783
1.11765	2989
1.15686	451
1.19608	127
1.23529	31
1.27451	7
0.818182	19
0.854545	355
0.890909	4035
0.927273	40422
0.963636	309593
1	1891268
1.03636	2113666
1.07273	451049
1.10909	5655
1.14545	698
1.18182	97
1.21818	2
0.647059	4
0.686275	19
0.72549	104
0.764706	638
0.803922	3142
0.843137	15912
0.882353	78696
0.921569	366735
0.960784	1591227
1	414428
1.03922	15383
1.07843	536
1.11765	77
1.15686	20
0.730769	2
0.769231	37
0.807692	355
0.846154	2375
0.884615	16335
0.923077	98512
0.961538	537300
1	2611160
1.03846	1320798
1.07692	10304
1.11538	225
1.15385	23
0.64	1
0.68	8
0.72	66
0.76	444
0.8	2190
0.84	10729
0.88	52029
0.92	238490
0.96	1022802
1	1298643
1.04	282098
1.08	10453
1.12	1344
1.16	203
1.2	38
1.24	9
1.28	3
0.824561	7
0.859649	326
0.894737	7912
0.929825	104086
0.964912	861838
1	265453
1.03509	20517
1.07018	1078
1.10526	141
1.14035	11
0.730769	1
0.769231	73
0.807692	746
0.846154	5163
0.884615	30327
0.923077	159149
0.961538	748211
1	1068513
1.03846	482248
1.07692	21523
1.11538	1985
1.15385	331
1.19231	64
1.23077	14
0.686275	36
0.72549	200
0.764706	1381
0.803922	7043
0.843137	32955
0.882353	143318
0.921569	582993
0.960784	2228271
1	1040987
1.03922	31998
1.07843	1495
1.11765	358
1.15686	79
1.19608	11
1.23529	1
0.836735	52
0.877551	799
0.918367	5786
0.959184	37608
1	83217
1.04082	77484
1.08163	17694
1.12245	2580
1.16327	463
1.20408	100
1.2449	26
0.807692	1
0.846154	4
0.884615	460
0.923077	6268
0.961538	51311
1	161832
1.03846	54790
1.07692	9510
1.11538	360
1.15385	34
1.19231	3
0.764706	26
0.803922	210
0.843137	2121
0.882353	17837
0.921569	107432
0.960784	549791
1	383123
1.03922	63710
1.07843	5118
1.11765	853
1.15686	143
1.19608	38
1.23529	12
1.27451	4
0.68	1
0.72	6
0.76	44
0.8	244
0.84	1983
0.88	12182
0.92	67861
0.96	331731
1	545536
1.04	340241
1.08	32886
1.12	4289
1.16	1346
1.2	574
1.24	270
1.28	136
1.32	55
1.36	19
1.4	1
0.692308	1
0.730769	8
0.769231	183
0.807692	1182
0.846154	8707
0.884615	54927
0.923077	293919
0.961538	1415615
1	292790
1.03846	17906
1.07692	1909
1.11538	264
1.15385	35
1.19231	2
0.681818	3
0.727273	86
0.772727	583
0.818182	3384
0.863636	17546
0.909091	79684
0.954545	320479
1	211421
1.04545	24630
1.09091	2911
1.13636	1011
1.18182	373
1.22727	93
1.27273	38
1.31818	15
1.36364	3
0.617021	7
0.659574	54
0.702128	247
0.744681	1334
0.787234	5934
0.829787	26360
0.87234	106828
0.914894	408739
0.957447	1467470
1	1021872
1.04255	23209
1.08511	2182
1.12766	612
1.17021	224
1.21277	130
1.25532	58
1.29787	15
1.34043	5
1.38298	1
0.75	41
0.8	206
0.85	1001
0.9	4461
0.95	18871
1	47823
1.05	52392
1.1	12392
1.15	1714
1.2	456
1.25	89
1.3	8
0.6	3
0.64	7
0.68	58
0.72	266
0.76	1299
0.8	5522
0.84	23350
0.88	93041
0.92	362351
0.96	1356461
1	2492069
1.04	1733754
1.08	10947
1.12	1112
1.16	199
1.2	43
1.24	10
0.666667	1
0.708333	2
0.75	28
0.791667	153
0.833333	957
0.875	5331
0.916667	27819
0.958333	135973
1	523838
1.04167	608384
1.08333	129029
1.125	4604
1.16667	619
1.20833	71
1.25	4
0.764706	4
0.803922	309
0.843137	1649
0.882353	11199
0.921569	63920
0.960784	317217
1	557237
1.03922	268488
1.07843	29890
1.11765	3503
1.15686	705
1.19608	247
1.23529	70
1.27451	18
1.31373	3
0.782609	20
0.826087	306
0.869565	2121
0.913043	11152
0.956522	53937
1	93711
1.04348	69451
1.08696	14667
1.13043	3027
1.17391	866
1.21739	356
1.26087	135
1.30435	79
1.34783	54
1.3913	37
1.43478	12
1.47826	3
0.72	1
0.76	32
0.8	243
0.84	1940
0.88	13008
0.92	82156
0.96	441236
1	682922
1.04	374997
1.08	19610
1.12	2122
1.16	373
1.2	78
1.24	15
1.28	2
0.698113	2
0.735849	10
0.773585	80
0.811321	499
0.849057	3546
0.886792	20196
0.924528	113427
0.962264	579725
1	105178
1.03774	12229
1.07547	1621
1.11321	290
1.15094	57
1.18868	8
0.745455	23
0.781818	95
0.818182	726
0.854545	5247
0.890909	36216
0.927273	225595
0.963636	1249572
1	1201000
1.03636	156642
1.07273	7167
1.10909	604
1.14545	119
1.18182	30
1.21818	2
1.25455	2
0.754386	2
0.789474	28
0.824561	714
0.859649	7362
0.894737	65603
0.929825	459575
0.964912	2661194
1	2993081
1.03509	740179
1.07018	25272
1.10526	2761
1.14035	465
1.17544	105
1.21053	22
1.24561	7
1.2807	1
0.708333	1
0.75	29
0.791667	264
0.833333	2128
0.875	12620
0.916667	64334
0.958333	295823
1	633363
1.04167	509445
1.08333	22523
1.125	2140
1.16667	391
1.20833	97
1.25	32
1.29167	21
1.33333	9
1.375	1
1.41667	1
0.688889	1
0.733333	32
0.777778	346
0.822222	1994
0.866667	10557
0.911111	47742
0.955556	194527
1	611017
1.04444	148444
1.08889	14290
1.13333	1944
1.17778	376
1.22222	118
1.26667	22
1.31111	5
0.714286	3
0.755102	122
0.795918	1160
0.836735	8110
0.877551	45181
0.918367	217425
0.959184	937073
1	341910
1.04082	24866
1.08163	1233
1.12245	255
1.16327	63
1.20408	6
1.2449	1
0.698113	2
0.735849	69
0.773585	505
0.811321	3466
0.849057	18333
0.886792	88702
0.924528	395591
0.962264	1640853
1	2110062
1.03774	621519
1.07547	23105
1.11321	1783
1.15094	242
1.18868	27
1.22642	1
0.644444	1
0.688889	8
0.733333	52
0.777778	244
0.822222	1297
0.866667	5997
0.911111	27836
0.955556	116549
1	91668
1.04444	15725
1.08889	1401
1.13333	310
1.17778	105
1.22222	36
1.26667	3
0.666667	1
0.708333	3
0.75	29
0.791667	280
0.833333	1619
0.875	9336
0.916667	48861
0.958333	226501
1	177395
1.04167	34439
1.08333	2289
1.125	527
1.16667	151
1.20833	44
1.25	8
1.29167	2
0.686275	18
0.72549	159
0.764706	1303
0.803922	6621
0.843137	31386
0.882353	135650
0.921569	546930
0.960784	2075074
1	3350908
1.03922	2149448
1.07843	15219
1.11765	652
1.15686	82
1.19608	24
1.23529	4
0.702128	11
0.744681	63
0.787234	428
0.829787	2150
0.87234	10468
0.914894	46488
0.957447	192201
1	150617
1.04255	21425
1.08511	2129
1.12766	373
1.17021	28
1.21277	5
0.72	14
0.76	172
0.8	876
0.84	4893
0.88	25499
0.92	122555
0.96	558506
1	1262808
1.04	1122080
1.08	31774
1.12	1978
1.16	433
1.2	165
1.24	52
1.28	14
1.32	3
0.695652	1
0.73913	55
0.782609	278
0.826087	1470
0.869565	7651
0.913043	35665
0.956522	152145
1	267742
1.04348	169230
1.08696	8335
1.13043	1428
1.17391	436
1.21739	130
1.26087	44
1.30435	10
1.34783	3
1.3913	2
0.744681	39
0.787234	478
0.829787	3040
0.87234	15388
0.914894	71670
0.957447	298141
1	421034
1.04255	183037
1.08511	10232
1.12766	2326
1.17021	775
1.21277	304
1.25532	138
1.29787	25
1.34043	11
1.38298	4
0.674419	77
0.72093	318
0.767442	1359
0.813953	5798
0.860465	22202
0.906977	80301
0.953488	279077
1	577989
1.04651	481039
1.09302	11975
1.13953	775
1.18605	139
1.23256	60
1.27907	31
1.32558	6
0.740741	3
0.777778	306
0.814815	2301
0.851852	14322
0.888889	77420
0.925926	381630
0.962963	1736653
1	3287369
1.03704	477733
1.07407	15735
1.11111	1924
1.14815	295
1.18519	30
0.636364	12
0.681818	69
0.727273	318
0.772727	1620
0.818182	6400
0.863636	25068
0.909091	95590
0.954545	345378
1	180945
1.04545	22652
1.09091	2164
1.13636	276
1.18182	62
1.22727	13
1.27273	4
0.785714	2
0.821429	383
0.857143	3498
0.892857	30936
0.928571	214195
0.964286	1290817
1	1315864
1.03571	219161
1.07143	6080
1.10714	693
1.14286	176
1.17857	43
1.21429	16
1.25	1
1.28571	1
0.590909	1
0.636364	2
0.681818	26
0.727273	150
0.772727	743
0.818182	3223
0.863636	13320
0.909091	52451
0.954545	196834
1	48461
1.04545	5772
1.09091	943
1.13636	172
1.18182	40
1.22727	8
1.27273	2
0.761905	27
0.809524	220
0.857143	1428
0.904762	7175
0.952381	32343
1	39383
1.04762	29086
1.09524	8502
1.14286	2357
1.19048	692
1.2381	170
1.28571	46
1.33333	16
1.38095	2
1.42857	1
0.607843	4
0.647059	26
0.686275	94
0.72549	536
0.764706	2385
0.803922	10373
0.843137	43187
0.882353	170125
0.921569	638000
0.960784	2297554
1	1538838
1.03922	28215
1.07843	774
1.11765	139
1.15686	26
1.19608	1
0.686275	2
0.72549	13
0.764706	181
0.803922	1608
0.843137	10884
0.882353	61719
0.921569	292276
0.960784	1250202
1	2309138
1.03922	1649957
1.07843	17076
1.11765	1344
1.15686	232
1.19608	30
1.23529	3
0.72	1
0.76	42
0.8	501
0.84	3662
0.88	21945
0.92	118446
0.96	570057
1	625204
1.04	102907
1.08	3728
1.12	936
1.16	396
1.2	184
1.24	81
1.28	27
1.32	4
0.727273	47
0.772727	347
0.818182	1853
0.863636	9010
0.909091	40678
0.954545	167103
1	229937
1.04545	105350
1.09091	7659
1.13636	736
1.18182	131
1.22727	26
1.27273	4
0.653846	4
0.692308	31
0.730769	113
0.769231	534
0.807692	2528
0.846154	11869
0.884615	54165
0.923077	242143
0.961538	1034131
1	1550436
1.03846	737486
1.07692	18509
1.11538	2093
1.15385	342
1.19231	61
1.23077	15
0.692308	22
0.730769	149
0.769231	819
0.807692	4126
0.846154	19331
0.884615	86635
0.923077	371885
0.961538	1518290
1	261970
1.03846	18723
1.07692	2822
1.11538	517
1.15385	89
1.19231	15
1.23077	6
0.647059	1
0.686275	4
0.72549	57
0.764706	392
0.803922	2964
0.843137	19496
0.882353	108192
0.921569	521212
0.960784	2240466
1	5954692
1.03922	1692230
1.07843	15636
1.11765	1819
1.15686	390
1.19608	120
1.23529	36
1.27451	21
1.31373	8
1.35294	6
0.85	126
0.9	917
0.95	5636
1	24809
1.05	36544
1.1	18345
1.15	2514
1.2	525
1.25	170
1.3	36
1.35	1
0.740741	6
0.777778	61
0.814815	394
0.851852	3116
0.888889	22036
0.925926	147313
0.962963	839502
1	278710
1.03704	19783
1.07407	1309
1.11111	160
1.14815	15
0.619048	11
0.666667	51
0.714286	288
0.761905	1264
0.809524	4715
0.857143	18791
0.904762	67315
0.952381	226968
1	492428
1.04762	456631
1.09524	25919
1.14286	3014
1.19048	507
1.2381	123
1.28571	28
1.33333	6
0.68	1
0.72	3
0.76	84
0.8	411
0.84	2918
0.88	16819
0.92	90256
0.96	437690
1	169880
1.04	27848
1.08	4502
1.12	1232
1.16	487
1.2	237
1.24	71
1.28	17
1.32	1
1.36	2
0.714286	2
0.755102	18
0.795918	155
0.836735	1217
0.877551	8346
0.918367	47246
0.959184	234482
1	132100
1.04082	12996
1.08163	980
1.12245	203
1.16327	30
1.20408	4
1.2449	2
0.730769	53
0.769231	326
0.807692	1707
0.846154	9864
0.884615	50220
0.923077	237590
0.961538	1034964
1	771996
1.03846	131921
1.07692	5170
1.11538	814
1.15385	188
1.19231	56
1.23077	20
1.26923	6
0.733333	176
0.777778	856
0.822222	4286
0.866667	18110
0.911111	72544
0.955556	270808
1	104527
1.04444	11307
1.08889	1563
1.13333	457
1.17778	135
1.22222	50
1.26667	17
1.31111	8
1.35556	2
0.6	10
0.644444	35
0.688889	235
0.733333	1211
0.777778	5268
0.822222	21491
0.866667	84249
0.911111	314916
0.955556	1118631
1	479026
1.04444	28818
1.08889	2830
1.13333	648
1.17778	190
1.22222	46
1.26667	15
0.652174	20
0.695652	81
0.73913	457
0.782609	2179
0.826087	9474
0.869565	40616
0.913043	157802
0.956522	571921
1	611316
1.04348	76548
1.08696	5089
1.13043	1925
1.17391	900
1.21739	492
1.26087	226
1.30435	111
1.34783	53
1.3913	21
1.43478	7
1.47826	1
0.777778	4
0.814815	512
0.851852	3317
0.888889	22921
0.925926	134508
0.962963	724577
1	715497
1.03704	66890
1.07407	1667
1.11111	299
1.14815	98
1.18519	25
1.22222	4
0.773585	1
0.811321	40
0.849057	645
0.886792	5157
0.924528	36304
0.962264	218003
1	259640
1.03774	138594
1.07547	14573
1.11321	2452
1.15094	635
1.18868	201
1.22642	66
1.26415	22
1.30189	6
0.755102	12
0.795918	122
0.836735	1005
0.877551	6134
0.918367	32503
0.959184	153044
1	245720
1.04082	150685
1.08163	7733
1.12245	925
1.16327	235
1.20408	53
1.2449	4
0.659574	18
0.702128	97
0.744681	525
0.787234	2530
0.829787	11974
0.87234	51849
0.914894	203174
0.957447	740098
1	207765
1.04255	18135
1.08511	1603
1.12766	262
1.17021	35
0.65	1
0.7	6
0.75	138
0.8	786
0.85	3435
0.9	13672
0.95	51418
1	51556
1.05	18102
1.1	1640
1.15	377
1.2	86
1.25	25
1.3	7
1.35	2
0.538462	1
0.589744	32
0.641026	98
0.692308	319
0.74359	1153
0.794872	3907
0.846154	13261
0.897436	43202
0.948718	137566
1	425153
1.05128	646707
1.10256	335272
1.15385	4803
1.20513	419
1.25641	73
1.30769	14
0.745455	9
0.781818	92
0.818182	986
0.854545	8293
0.890909	60903
0.927273	379169
0.963636	2044666
1	492144
1.03636	51425
1.07273	3573
1.10909	573
1.14545	190
1.18182	83
1.21818	33
1.25455	14
1.29091	6
0.673469	13
0.714286	52
0.755102	270
0.795918	1573
0.836735	7622
0.877551	35958
0.918367	165013
0.959184	709565
1	431382
1.04082	35688
1.08163	3338
1.12245	708
1.16327	161
1.20408	26
0.659574	1
0.702128	4
0.744681	218
0.787234	1712
0.829787	9349
0.87234	43330
0.914894	174146
0.957447	656368
1	1158402
1.04255	296890
1.08511	11340
1.12766	935
1.17021	204
1.21277	49
1.25532	3
0.666667	27
0.714286	104
0.761905	585
0.809524	2270
0.857143	9163
0.904762	33027
0.952381	118754
1	84251
1.04762	7007
1.09524	1074
1.14286	358
1.19048	93
1.2381	8
0.608696	1
0.652174	17
0.695652	93
0.73913	458
0.782609	2333
0.826087	10132
0.869565	40978
0.913043	155546
0.956522	563018
1	150160
1.04348	11297
1.08696	1291
1.13043	133
1.17391	6
0.686275	30
0.72549	204
0.764706	1107
0.803922	5146
0.843137	25190
0.882353	113054
0.921569	481130
0.960784	1900362
1	474185
1.03922	39120
1.07843	2764
1.11765	372
1.15686	37
1.19608	1
0.659574	3
0.702128	9
0.744681	221
0.787234	1192
0.829787	5557
0.87234	25453
0.914894	110364
0.957447	447098
1	165895
1.04255	10597
1.08511	1502
1.12766	478
1.17021	87
1.21277	3
0.733333	19
0.777778	127
0.822222	876
0.866667	4884
0.911111	22475
0.955556	98082
1	54620
1.04444	20794
1.08889	4602
1.13333	1260
1.17778	418
1.22222	155
1.26667	60
1.31111	18
0.733333	90
0.777778	599
0.822222	2860
0.866667	13125
0.911111	56412
0.955556	221622
1	224809
1.04444	60880
1.08889	7910
1.13333	1825
1.17778	684
1.22222	255
1.26667	90
1.31111	18
1.35556	2
0.688889	1
0.733333	49
0.777778	315
0.822222	1651
0.866667	8736
0.911111	39930
0.955556	172349
1	474699
1.04444	210911
1.08889	34095
1.13333	4403
1.17778	1136
1.22222	439
1.26667	106
1.31111	30
1.35556	4
1.4	1
0.617021	2
0.659574	28
0.702128	167
0.744681	744
0.787234	3418
0.829787	14853
0.87234	59955
0.914894	232738
0.957447	854435
1	439226
1.04255	16439
1.08511	2082
1.12766	656
1.17021	275
1.21277	113
1.25532	36
1.29787	12
0.72	28
0.76	258
0.8	2120
0.84	13119
0.88	72341
0.92	351064
0.96	1534951
1	753839
1.04	19745
1.08	658
1.12	117
1.16	13
0.68	2
0.72	30
0.76	248
0.8	1606
0.84	9932
0.88	55225
0.92	273889
0.96	1222324
1	2757090
1.04	1370352
1.08	23239
1.12	1527
1.16	300
1.2	37
1.24	2
0.745455	5
0.781818	33
0.818182	250
0.854545	1896
0.890909	13490
0.927273	93164
0.963636	577274
1	226739
1.03636	26503
1.07273	1692
1.10909	313
1.14545	46
1.18182	4
0.714286	5
0.761905	72
0.809524	346
0.857143	1935
0.904762	10391
0.952381	49055
1	93631
1.04762	76173
1.09524	17829
1.14286	3152
1.19048	624
1.2381	225
1.28571	43
1.33333	7
1.38095	2
0.75	1
0.785714	4
0.821429	315
0.857143	3767
0.892857	28423
0.928571	180895
0.964286	1025938
1	310794
1.03571	20545
1.07143	718
1.10714	62
1.14286	8
0.807692	4
0.846154	424
0.884615	3931
0.923077	27370
0.961538	168457
1	632907
1.03846	352278
1.07692	36241
1.11538	2733
1.15385	444
1.19231	96
0.698113	12
0.735849	58
0.773585	260
0.811321	1432
0.849057	7189
0.886792	35700
0.924528	183664
0.962264	896513
1	189074
1.03774	36288
1.07547	6694
1.11321	1249
1.15094	296
1.18868	91
1.22642	21
1.26415	6
0.735849	7
0.773585	60
0.811321	505
0.849057	3562
0.886792	23379
0.924528	132319
0.962264	684918
1	642328
1.03774	155437
1.07547	6243
1.11321	711
1.15094	140
1.18868	26
1.22642	2
0.744681	39
0.787234	464
0.829787	3427
0.87234	18298
0.914894	85544
0.957447	365232
1	705152
1.04255	563070
1.08511	22677
1.12766	2556
1.17021	461
1.21277	73
1.25532	14
1.29787	5
1.34043	7
1.38298	4
0.75	13
0.791667	67
0.833333	407
0.875	2667
0.916667	15590
0.958333	84378
1	131315
1.04167	81959
1.08333	13048
1.125	2348
1.16667	566
1.20833	132
1.25	26
1.29167	3
1.33333	1
0.72	55
0.76	525
0.8	3316
0.84	18642
0.88	89167
0.92	379248
0.96	1494624
1	942287
1.04	38383
1.08	3616
1.12	782
1.16	215
1.2	76
1.24	24
1.28	4
0.55102	1
0.591837	2
0.632653	15
0.673469	80
0.714286	314
0.755102	1329
0.795918	5756
0.836735	22436
0.877551	88834
0.918367	335940
0.959184	1229549
1	372498
1.04082	17541
1.08163	1393
1.12245	254
1.16327	40
1.20408	5
0.764706	65
0.803922	729
0.843137	4425
0.882353	24388
0.921569	120334
0.960784	546836
1	440715
1.03922	41306
1.07843	3369
1.11765	707
1.15686	152
1.19608	8
0.703704	1
0.740741	2
0.777778	98
0.814815	1278
0.851852	10342
0.888889	63770
0.925926	345993
0.962963	1685189
1	4548250
1.03704	939538
1.07407	18853
1.11111	1958
1.14815	307
1.18519	78
1.22222	17
1.25926	11
1.2963	2
0.773585	2
0.811321	271
0.849057	3404
0.886792	25227
0.924528	156330
0.962264	827367
1	181904
1.03774	29342
1.07547	3903
1.11321	825
1.15094	239
1.18868	51
1.22642	6
0.666667	34
0.708333	119
0.75	624
0.791667	2769
0.833333	11811
0.875	50767
0.916667	209609
0.958333	812304
1	343321
1.04167	6012
1.08333	346
1.125	69
1.16667	25
1.20833	2
0.735849	2
0.773585	58
0.811321	828
0.849057	6295
0.886792	36642
0.924528	190943
0.962264	903517
1	475724
1.03774	64976
1.07547	4023
1.11321	682
1.15094	127
1.18868	14
1.22642	1
0.653846	1
0.692308	6
0.730769	37
0.769231	182
0.807692	1172
0.846154	7945
0.884615	47477
0.923077	254298
0.961538	1213097
1	678043
1.03846	26676
1.07692	1006
1.11538	189
1.15385	37
1.19231	6
1.23077	2
0.735849	1
0.773585	17
0.811321	389
0.849057	2869
0.886792	18665
0.924528	106395
0.962264	553074
1	1505257
1.03774	1367736
1.07547	28494
1.11321	1324
1.15094	148
1.18868	8
1.22642	6
1.26415	2
0.647059	1
0.686275	16
0.72549	99
0.764706	602
0.803922	3652
0.843137	19366
0.882353	94676
0.921569	423773
0.960784	1755476
1	2702742
1.03922	1393943
1.07843	20886
1.11765	2146
1.15686	326
1.19608	66
1.23529	6
0.692308	25
0.730769	132
0.769231	868
0.807692	4147
0.846154	20010
0.884615	90847
0.923077	391455
0.961538	1580443
1	964592
1.03846	40198
1.07692	1986
1.11538	411
1.15385	117
1.19231	29
1.23077	7
1.26923	2
0.6	2
0.644444	32
0.688889	277
0.733333	1299
0.777778	5351
0.822222	21306
0.866667	79919
0.911111	277801
0.955556	919159
1	727141
1.04444	89711
1.08889	4106
1.13333	678
1.17778	116
1.22222	14
0.72	3
0.76	254
0.8	2135
0.84	11971
0.88	59355
0.92	273159
0.96	1183534
1	931610
1.04	93394
1.08	3556
1.12	640
1.16	153
1.2	19
1.24	2
0.75	1
0.785714	4
0.821429	190
0.857143	1987
0.892857	16222
0.928571	100014
0.964286	547329
1	337854
1.03571	56495
1.07143	7051
1.10714	2484
1.14286	1041
1.17857	297
1.21429	74
1.25	22
1.28571	8
0.692308	2
0.730769	11
0.769231	268
0.807692	1815
0.846154	10028
0.884615	48338
0.923077	222432
0.961538	954212
1	1120069
1.03846	196197
1.07692	6031
1.11538	972
1.15385	226
1.19231	34
1.23077	2
1.26923	2
0.807692	94
0.846154	554
0.884615	4250
0.923077	29466
0.961538	174348
1	504943
1.03846	473593
1.07692	29315
1.11538	2903
1.15385	528
1.19231	72
1.23077	12
1.26923	3
0.73913	2
0.782609	14
0.826087	94
0.869565	784
0.913043	5520
0.956522	31297
1	26853
1.04348	13362
1.08696	3345
1.13043	894
1.17391	163
1.21739	31
1.26087	6
0.673469	6
0.714286	35
0.755102	201
0.795918	1047
0.836735	5296
0.877551	25211
0.918367	111711
0.959184	469534
1	901141
1.04082	650801
1.08163	14672
1.12245	978
1.16327	119
1.20408	9
1.2449	2
0.793103	4
0.827586	441
0.862069	5455
0.896552	49721
0.931034	349800
0.965517	2044362
1	4229565
1.03448	3033983
1.06897	24509
1.10345	2382
1.13793	523
1.17241	144
1.2069	41
1.24138	13
1.27586	6
0.72	18
0.76	103
0.8	589
0.84	3118
0.88	15952
0.92	75980
0.96	350776
1	495600
1.04	240240
1.08	23767
1.12	3671
1.16	811
1.2	239
1.24	75
1.28	14
1.32	4
1.36	2
0.72	38
0.76	236
0.8	1248
0.84	7063
0.88	35873
0.92	168151
0.96	723124
1	1914309
1.04	1841994
1.08	22163
1.12	1350
1.16	385
1.2	111
1.24	33
1.28	9
0.795918	43
0.836735	397
0.877551	3352
0.918367	22744
0.959184	137206
1	111334
1.04082	36379
1.08163	3810
1.12245	517
1.16327	91
1.20408	14
1.2449	2
0.698113	3
0.735849	46
0.773585	431
0.811321	2939
0.849057	19486
0.886792	112081
0.924528	559662
0.962264	2526975
1	2836673
1.03774	297338
1.07547	8715
1.11321	1162
1.15094	179
1.18868	27
1.22642	12
1.26415	4
0.846154	18
0.884615	134
0.923077	1153
0.961538	10600
1	37017
1.03846	34936
1.07692	8853
1.11538	907
1.15385	77
1.19231	13
0.666667	4
0.708333	53
0.75	311
0.791667	1886
0.833333	9522
0.875	43810
0.916667	179076
0.958333	683107
1	420589
1.04167	16914
1.08333	1305
1.125	380
1.16667	72
1.20833	14
0.590909	4
0.636364	33
0.681818	103
0.727273	369
0.772727	1494
0.818182	5834
0.863636	23051
0.909091	87238
0.954545	315443
1	797130
1.04545	761756
1.09091	14598
1.13636	1555
1.18182	356
1.22727	74
1.27273	8
0.846154	101
0.884615	1763
0.923077	17791
0.961538	135921
1	82623
1.03846	21921
1.07692	1955
1.11538	386
1.15385	104
1.19231	37
1.23077	15
0.740741	4
0.777778	57
0.814815	510
0.851852	3663
0.888889	23901
0.925926	134930
0.962963	687718
1	283548
1.03704	31972
1.07407	2788
1.11111	501
1.14815	71
1.18519	7
0.673469	1
0.714286	10
0.755102	99
0.795918	470
0.836735	3024
0.877551	17323
0.918367	87616
0.959184	408540
1	158101
1.04082	37132
1.08163	4344
1.12245	939
1.16327	264
1.20408	49
1.2449	19
1.28571	2
0.68	5
0.72	44
0.76	370
0.8	2573
0.84	13566
0.88	65120
0.92	277926
0.96	1106985
1	2847836
1.04	2635055
1.08	27475
1.12	863
1.16	188
1.2	49
1.24	12
1.28	5
0.590909	1
0.636364	2
0.681818	39
0.727273	278
0.772727	1573
0.818182	6509
0.863636	25640
0.909091	96963
0.954545	348848
1	377441
1.04545	76542
1.09091	2422
1.13636	399
1.18182	82
1.22727	6
0.659574	16
0.702128	64
0.744681	416
0.787234	1783
0.829787	8607
0.87234	38336
0.914894	159572
0.957447	622015
1	248938
1.04255	38036
1.08511	4108
1.12766	1044
1.17021	235
1.21277	54
1.25532	16
1.29787	7
0.791667	5
0.833333	574
0.875	5556
0.916667	39424
0.958333	221436
1	327818
1.04167	176548
1.08333	15059
1.125	2195
1.16667	463
1.20833	120
1.25	45
1.29167	15
1.33333	4
0.75	4
0.791667	405
0.833333	2495
0.875	16812
0.916667	86967
0.958333	386334
1	144542
1.04167	13787
1.08333	1440
1.125	457
1.16667	117
1.20833	18
0.608696	2
0.652174	17
0.695652	139
0.73913	727
0.782609	3320
0.826087	14200
0.869565	55907
0.913043	205137
0.956522	715675
1	515056
1.04348	26482
1.08696	2083
1.13043	490
1.17391	111
1.21739	26
0.764706	38
0.803922	654
0.843137	4479
0.882353	28798
0.921569	154538
0.960784	718224
1	2147393
1.03922	664076
1.07843	27083
1.11765	2035
1.15686	454
1.19608	181
1.23529	110
1.27451	41
0.789474	4
0.824561	271
0.859649	4211
0.894737	38591
0.929825	272111
0.964912	1610270
1	551327
1.03509	27423
1.07018	1037
1.10526	74
1.14035	9
0.692308	3
0.730769	28
0.769231	524
0.807692	3003
0.846154	17865
0.884615	91801
0.923077	430509
0.961538	1840286
1	677613
1.03846	21014
1.07692	2088
1.11538	314
1.15385	42
1.19231	7
0.644444	11
0.688889	39
0.733333	205
0.777778	889
0.822222	3922
0.866667	16572
0.911111	66665
0.955556	256550
1	133778
1.04444	24823
1.08889	3638
1.13333	712
1.17778	158
1.22222	35
1.26667	26
1.31111	12
1.35556	2
0.673469	1
0.714286	19
0.755102	175
0.795918	1097
0.836735	6603
0.877551	34580
0.918367	162818
0.959184	704878
1	2419388
1.04082	773477
1.08163	11139
1.12245	1179
1.16327	460
1.20408	322
1.2449	203
1.28571	109
1.32653	56
1.36735	22
1.40816	5
0.666667	24
0.708333	127
0.75	723
0.791667	3742
0.833333	18262
0.875	81846
0.916667	336759
0.958333	1301124
1	805858
1.04167	42984
1.08333	1427
1.125	140
1.16667	5
0.6	1
0.64	3
0.68	42
0.72	219
0.76	1135
0.8	5223
0.84	23721
0.88	100508
0.92	404394
0.96	1549717
1	840057
1.04	16129
1.08	1123
1.12	199
1.16	59
1.2	16
0.666667	4
0.703704	16
0.740741	100
0.777778	598
0.814815	3439
0.851852	17331
0.888889	87220
0.925926	407552
0.962963	1794419
1	1643303
1.03704	109587
1.07407	1379
1.11111	88
1.14815	16
1.18519	7
1.22222	2
0.666667	5
0.714286	66
0.761905	615
0.809524	2719
0.857143	11483
0.904762	45882
0.952381	169574
1	213886
1.04762	74449
1.09524	3697
1.14286	511
1.19048	72
1.2381	12
1.28571	1
1.33333	1
0.703704	4
0.740741	76
0.777778	519
0.814815	2801
0.851852	15683
0.888889	79611
0.925926	377123
0.962963	1674737
1	2983419
1.03704	2097251
1.07407	38087
1.11111	1908
1.14815	766
1.18519	335
1.22222	162
1.25926	97
1.2963	48
1.33333	21
1.37037	2
0.686275	7
0.72549	70
0.764706	365
0.803922	2218
0.843137	11897
0.882353	59454
0.921569	266872
0.960784	1106548
1	1032201
1.03922	50168
1.07843	1343
1.11765	308
1.15686	77
1.19608	11
0.769231	7
0.807692	281
0.846154	4084
0.884615	34388
0.923077	204543
0.961538	1030677
1	703146
1.03846	53241
1.07692	2910
1.11538	528
1.15385	147
1.19231	64
1.23077	11
0.673469	4
0.714286	61
0.755102	384
0.795918	2210
0.836735	11679
0.877551	54772
0.918367	240341
0.959184	988253
1	937606
1.04082	32837
1.08163	749
1.12245	141
1.16327	28
1.20408	6
0.72093	5
0.767442	39
0.813953	391
0.860465	2116
0.906977	11255
0.953488	54823
1	194362
1.04651	239462
1.09302	52695
1.13953	3615
1.18605	852
1.23256	278
1.27907	147
1.32558	76
1.37209	24
1.4186	3
0.782609	30
0.826087	142
0.869565	1322
0.913043	9547
0.956522	58396
1	45287
1.04348	42605
1.08696	10509
1.13043	766
1.17391	107
1.21739	18
1.26087	1
0.703704	2
0.740741	4
0.777778	89
0.814815	962
0.851852	8640
0.888889	62754
0.925926	379374
0.962963	1980231
1	707837
1.03704	70815
1.07407	4068
1.11111	625
1.14815	105
1.18519	15
1.22222	4
0.692308	1
0.730769	32
0.769231	198
0.807692	1106
0.846154	5909
0.884615	31022
0.923077	150851
0.961538	685055
1	816916
1.03846	179624
1.07692	3366
1.11538	505
1.15385	168
1.19231	31
1.23077	5
0.702128	3
0.744681	147
0.787234	1013
0.829787	5211
0.87234	23805
0.914894	101101
0.957447	402405
1	699883
1.04255	424501
1.08511	8623
1.12766	1234
1.17021	187
1.21277	25
1.25532	8
1.29787	7
1.34043	2
0.735849	6
0.773585	41
0.811321	461
0.849057	3711
0.886792	22721
0.924528	121819
0.962264	607099
1	1430251
1.03774	1271842
1.07547	67474
1.11321	2866
1.15094	517
1.18868	128
1.22642	21
1.26415	3
0.673469	30
0.714286	452
0.755102	2448
0.795918	10396
0.836735	42617
0.877551	162911
0.918367	591233
0.959184	2061393
1	631939
1.04082	22979
1.08163	2613
1.12245	648
1.16327	134
1.20408	33
1.2449	1
0.72	4
0.76	134
0.8	741
0.84	3993
0.88	18134
0.92	77642
0.96	328373
1	489398
1.04	262624
1.08	30134
1.12	4053
1.16	768
1.2	166
1.24	29
1.28	4
0.714286	2
0.75	59
0.785714	383
0.821429	2735
0.857143	16240
0.892857	89402
0.928571	454327
0.964286	2130664
1	2529047
1.03571	740882
1.07143	17177
1.10714	1757
1.14286	457
1.17857	162
1.21429	28
1.25	7
0.76	3
0.8	194
0.84	2106
0.88	14035
0.92	76683
0.96	372055
1	262781
1.04	27821
1.08	1913
1.12	432
1.16	157
1.2	73
1.24	28
1.28	9
1.32	3
0.733333	23
0.777778	114
0.822222	626
0.866667	3714
0.911111	18325
0.955556	86161
1	162983
1.04444	125589
1.08889	34360
1.13333	7160
1.17778	2269
1.22222	795
1.26667	203
1.31111	50
1.35556	12
0.65	1
0.7	17
0.75	106
0.8	635
0.85	3001
0.9	13986
0.95	55933
1	66338
1.05	34785
1.1	7071
1.15	1860
1.2	689
1.25	318
1.3	116
1.35	57
1.4	18
1.45	1
0.653846	2
0.692308	32
0.730769	158
0.769231	856
0.807692	4381
0.846154	21760
0.884615	104083
0.923077	465978
0.961538	1944546
1	672859
1.03846	24230
1.07692	3950
1.11538	1012
1.15385	294
1.19231	89
1.23077	19
1.26923	1
0.672727	1
0.709091	28
0.745455	106
0.781818	732
0.818182	3901
0.854545	20440
0.890909	98749
0.927273	455728
0.963636	1996391
1	3275381
1.03636	1686386
1.07273	20590
1.10909	1392
1.14545	210
1.18182	35
1.21818	3
0.622642	2
0.660377	15
0.698113	64
0.735849	332
0.773585	1449
0.811321	6107
0.849057	26747
0.886792	114228
0.924528	488587
0.962264	2016490
1	1723761
1.03774	43028
1.07547	877
1.11321	90
1.15094	16
1.18868	1
0.72	1
0.76	34
0.8	261
0.84	1399
0.88	7836
0.92	40044
0.96	193400
1	225022
1.04	111417
1.08	14465
1.12	2552
1.16	670
1.2	228
1.24	43
1.28	16
1.32	2
0.735849	1
0.773585	18
0.811321	162
0.849057	1536
0.886792	11646
0.924528	73886
0.962264	404744
1	1285271
1.03774	1233719
1.07547	71022
1.11321	3129
1.15094	566
1.18868	141
1.22642	27
1.26415	6
0.755102	2
0.795918	128
0.836735	1267
0.877551	9300
0.918367	54296
0.959184	274217
1	176800
1.04082	62577
1.08163	11575
1.12245	3052
1.16327	1067
1.20408	455
1.2449	199
1.28571	89
1.32653	25
1.36735	5
1.40816	1
0.754386	7
0.789474	199
0.824561	1603
0.859649	12102
0.894737	74227
0.929825	410390
0.964912	2055023
1	2082908
1.03509	216998
1.07018	13288
1.10526	1840
1.14035	287
1.17544	83
1.21053	19
1.24561	6
1.2807	3
1.31579	1
0.666667	1
0.703704	15
0.740741	126
0.777778	723
0.814815	4145
0.851852	23290
0.888889	121833
0.925926	587158
0.962963	2565388
1	4559606
1.03704	2879843
1.07407	18705
1.11111	1293
1.14815	176
1.18519	15
1.22222	1
0.666667	8
0.708333	83
0.75	576
0.791667	3090
0.833333	16258
0.875	73390
0.916667	305629
0.958333	1169351
1	535388
1.04167	22297
1.08333	1902
1.125	370
1.16667	75
1.20833	8
1.25	2
0.64	3
0.68	55
0.72	269
0.76	1607
0.8	7717
0.84	33264
0.88	136475
0.92	521255
0.96	1907121
1	2368344
1.04	450117
1.08	9758
1.12	1030
1.16	136
1.2	14
0.773585	233
0.811321	1473
0.849057	8818
0.886792	44023
0.924528	207974
0.962264	958447
1	372773
1.03774	20298
1.07547	1724
1.11321	334
1.15094	77
1.18868	14
1.22642	4
0.740741	2
0.777778	171
0.814815	1034
0.851852	6775
0.888889	39085
0.925926	204622
0.962963	984502
1	463485
1.03704	69445
1.07407	2970
1.11111	415
1.14815	99
1.18519	21
1.22222	4
0.72	1
0.76	41
0.8	370
0.84	2855
0.88	17295
0.92	92625
0.96	453474
1	241736
1.04	29917
1.08	2569
1.12	481
1.16	127
1.2	23
0.652174	2
0.695652	27
0.73913	152
0.782609	702
0.826087	3317
0.869565	14101
0.913043	56187
0.956522	212207
1	256651
1.04348	56790
1.08696	2905
1.13043	370
1.17391	61
1.21739	3
0.686275	1
0.72549	33
0.764706	295
0.803922	2108
0.843137	12222
0.882353	62957
0.921569	284073
0.960784	1184882
1	712808
1.03922	37980
1.07843	2879
1.11765	469
1.15686	99
1.19608	16
1.23529	2
0.813953	6
0.860465	250
0.906977	2379
0.953488	14841
1	18864
1.04651	13960
1.09302	3375
1.13953	803
1.18605	256
1.23256	78
1.27907	26
1.32558	8
1.37209	6
1.4186	2
0.745455	8
0.781818	91
0.818182	1092
0.854545	9853
0.890909	73164
0.927273	467355
0.963636	2453055
1	3642293
1.03636	1827512
1.07273	14366
1.10909	603
1.14545	55
1.18182	4
0.826087	179
0.869565	1275
0.913043	7151
0.956522	38779
1	82443
1.04348	74094
1.08696	14927
1.13043	2953
1.17391	823
1.21739	232
1.26087	97
1.30435	48
1.34783	15
1.3913	4
0.707317	35
0.756098	139
0.804878	745
0.853659	3526
0.902439	14927
0.95122	61650
1	117293
1.04878	106118
1.09756	36477
1.14634	8898
1.19512	2837
1.2439	1308
1.29268	523
1.34146	153
1.39024	42
1.43902	11
0.864407	512
0.898305	8725
0.932203	92820
0.966102	766607
1	590864
1.0339	187410
1.0678	9190
1.10169	1397
1.13559	463
1.16949	147
1.20339	43
1.23729	5
1.27119	1
0.735849	91
0.773585	656
0.811321	4396
0.849057	23904
0.886792	115143
0.924528	508638
0.962264	2071367
1	367436
1.03774	27439
1.07547	2326
1.11321	333
1.15094	67
1.18868	25
1.22642	10
1.26415	3
0.730769	2
0.769231	30
0.807692	239
0.846154	1863
0.884615	12283
0.923077	73047
0.961538	392428
1	156179
1.03846	20425
1.07692	1637
1.11538	258
1.15385	45
1.19231	4
0.632653	2
0.673469	10
0.714286	115
0.755102	679
0.795918	3292
0.836735	16720
0.877551	76923
0.918367	320120
0.959184	1251409
1	3451017
1.04082	3171061
1.08163	28857
1.12245	728
1.16327	112
1.20408	33
1.2449	12
1.28571	11
1.32653	10
0.653846	2
0.692308	18
0.730769	124
0.769231	483
0.807692	2677
0.846154	12404
0.884615	56095
0.923077	247562
0.961538	1047770
1	3158684
1.03846	3245940
1.07692	122233
1.11538	2760
1.15385	1060
1.19231	366
1.23077	136
1.26923	36
1.30769	6
1.34615	1
0.735849	3
0.773585	31
0.811321	437
0.849057	2666
0.886792	18680
0.924528	112657
0.962264	613499
1	469889
1.03774	75779
1.07547	3128
1.11321	559
1.15094	70
1.18868	8
1.22642	2
0.769231	3
0.807692	899
0.846154	9635
0.884615	64689
0.923077	338760
0.961538	1545367
1	567947
1.03846	19105
1.07692	1925
1.11538	520
1.15385	142
1.19231	20
1.23077	13
1.26923	7
1.30769	2
0.659574	12
0.702128	41
0.744681	432
0.787234	1717
0.829787	8067
0.87234	34207
0.914894	132605
0.957447	485387
1	233237
1.04255	30664
1.08511	3878
1.12766	1026
1.17021	272
1.21277	107
1.25532	43
1.29787	5
0.684211	3
0.736842	47
0.789474	237
0.842105	1078
0.894737	4814
0.947368	18982
1	21143
1.05263	8669
1.10526	1254
1.15789	301
1.21053	129
1.26316	54
1.31579	27
1.36842	6
1.42105	2
0.714286	2
0.755102	32
0.795918	348
0.836735	2839
0.877551	17526
0.918367	94473
0.959184	445615
1	172282
1.04082	6236
1.08163	1031
1.12245	197
1.16327	68
1.20408	22
1.2449	5
0.72549	34
0.764706	190
0.803922	1107
0.843137	5549
0.882353	27302
0.921569	127769
0.960784	579949
1	866179
1.03922	354657
1.07843	6733
1.11765	775
1.15686	125
1.19608	12
1.23529	1
0.622642	2
0.660377	17
0.698113	70
0.735849	286
0.773585	1337
0.811321	5845
0.849057	26442
0.886792	113073
0.924528	473477
0.962264	1907767
1	2046178
1.03774	122091
1.07547	1537
1.11321	240
1.15094	59
1.18868	7
1.22642	1
0.789474	3
0.824561	343
0.859649	4541
0.894737	39207
0.929825	261169
0.964912	1497340
1	2418199
1.03509	1393301
1.07018	27311
1.10526	2836
1.14035	608
1.17544	135
1.21053	36
1.24561	7
0.702128	8
0.744681	70
0.787234	438
0.829787	2578
0.87234	12332
0.914894	53706
0.957447	219019
1	655238
1.04255	205316
1.08511	14014
1.12766	1788
1.17021	276
1.21277	53
1.25532	9
0.702128	1
0.744681	40
0.787234	439
0.829787	2777
0.87234	15479
0.914894	73537
0.957447	309933
1	148002
1.04255	22383
1.08511	3479
1.12766	1091
1.17021	343
1.21277	163
1.25532	56
1.29787	11
0.793103	1
0.827586	16
0.862069	550
0.896552	7794
0.931034	73396
0.965517	576381
1	768394
1.03448	372191
1.06897	26127
1.10345	2801
1.13793	518
1.17241	76
1.2069	9
0.75	15
0.791667	83
0.833333	480
0.875	2950
0.916667	17656
0.958333	96657
1	101700
1.04167	27141
1.08333	1533
1.125	205
1.16667	46
1.20833	11
0.745455	9
0.781818	189
0.818182	1624
0.854545	9909
0.890909	55116
0.927273	286354
0.963636	1344462
1	4557941
1.03636	2560798
1.07273	32657
1.10909	916
1.14545	195
1.18182	44
0.625	1
0.666667	13
0.708333	63
0.75	343
0.791667	1793
0.833333	7998
0.875	34787
0.916667	143469
0.958333	569473
1	962992
1.04167	516394
1.08333	17519
1.125	1672
1.16667	249
1.20833	16
0.769231	4
0.807692	139
0.846154	1475
0.884615	12152
0.923077	77382
0.961538	417868
1	804810
1.03846	477175
1.07692	24321
1.11538	2684
1.15385	409
1.19231	76
1.23077	12
0.72549	8
0.764706	69
0.803922	566
0.843137	3829
0.882353	22184
0.921569	115929
0.960784	541534
1	367643
1.03922	33525
1.07843	3327
1.11765	807
1.15686	199
1.19608	39
1.23529	5
0.73913	18
0.782609	164
0.826087	1262
0.869565	7467
0.913043	38482
0.956522	170851
1	398311
1.04348	338272
1.08696	13226
1.13043	864
1.17391	235
1.21739	49
1.26087	7
0.791667	2
0.833333	18
0.875	1091
0.916667	8697
0.958333	56294
1	143229
1.04167	140314
1.08333	33107
1.125	4275
1.16667	801
1.20833	199
1.25	22
1.29167	6
1.33333	1
0.758621	26
0.793103	164
0.827586	1239
0.862069	8324
0.896552	53678
0.931034	350173
0.965517	2071953
1	3795157
1.03448	2580655
1.06897	19883
1.10345	730
1.13793	81
1.17241	9
1.2069	2
0.673469	14
0.714286	65
0.755102	357
0.795918	1695
0.836735	8052
0.877551	35991
0.918367	157417
0.959184	646248
1	548445
1.04082	24818
1.08163	1248
1.12245	185
1.16327	45
1.20408	6
0.853659	217
0.902439	1391
0.95122	9941
1	26787
1.04878	27420
1.09756	6008
1.14634	696
1.19512	132
1.2439	25
1.29268	5
0.686275	17
0.72549	198
0.764706	1199
0.803922	5777
0.843137	26987
0.882353	118407
0.921569	486737
0.960784	1903137
1	876513
1.03922	20262
1.07843	915
1.11765	184
1.15686	53
1.19608	21
1.23529	6
0.781818	271
0.818182	2700
0.854545	19185
0.890909	109103
0.927273	552296
0.963636	2507153
1	1212047
1.03636	30828
1.07273	878
1.10909	108
1.14545	11
0.754386	48
0.789474	599
0.824561	4077
0.859649	22378
0.894737	115258
0.929825	575716
0.964912	2727102
1	3049322
1.03509	505328
1.07018	15268
1.10526	2225
1.14035	545
1.17544	115
1.21053	20
1.24561	1
0.647059	9
0.686275	76
0.72549	355
0.764706	1703
0.803922	7958
0.843137	35572
0.882353	148758
0.921569	585926
0.960784	2194940
1	812490
1.03922	16648
1.07843	916
1.11765	149
1.15686	32
1.19608	3
0.703704	4
0.740741	47
0.777778	428
0.814815	2925
0.851852	18028
0.888889	101588
0.925926	534654
0.962963	2577806
1	1599592
1.03704	76869
1.07407	2252
1.11111	427
1.14815	50
1.18519	2
0.73913	51
0.782609	286
0.826087	1586
0.869565	8904
0.913043	45631
0.956522	209920
1	350073
1.04348	219355
1.08696	33789
1.13043	5459
1.17391	1353
1.21739	443
1.26087	148
1.30435	38
1.34783	19
0.647059	1
0.686275	34
0.72549	232
0.764706	1074
0.803922	5477
0.843137	23809
0.882353	100456
0.921569	394109
0.960784	1467908
1	1608573
1.03922	182897
1.07843	7474
1.11765	1403
1.15686	400
1.19608	147
1.23529	71
1.27451	15
1.31373	1
0.6	1
0.64	4
0.68	20
0.72	93
0.76	622
0.8	3006
0.84	14053
0.88	61203
0.92	254200
0.96	1003767
1	950935
1.04	212040
1.08	5260
1.12	489
1.16	62
1.2	3
1.24	1
0.73913	1
0.782609	5
0.826087	300
0.869565	2993
0.913043	18520
0.956522	95478
1	175472
1.04348	134018
1.08696	9624
1.13043	1152
1.17391	202
1.21739	63
1.26087	21
1.30435	1
0.818182	101
0.854545	758
0.890909	5492
0.927273	36240
0.963636	209884
1	433289
1.03636	325556
1.07273	30374
1.10909	1633
1.14545	263
1.18182	37
1.21818	6
0.791667	108
0.833333	948
0.875	5918
0.916667	34340
0.958333	180183
1	170440
1.04167	46314
1.08333	4320
1.125	876
1.16667	241
1.20833	61
1.25	4
0.647059	1
0.686275	2
0.72549	23
0.764706	171
0.803922	1127
0.843137	7087
0.882353	37633
0.921569	184726
0.960784	819327
1	561748
1.03922	13321
1.07843	319
1.11765	29
1.15686	2
0.76	5
0.8	129
0.84	938
0.88	6553
0.92	38607
0.96	206666
1	457005
1.04	272152
1.08	22601
1.12	2955
1.16	606
1.2	54
1.24	6
0.608696	2
0.652174	46
0.695652	180
0.73913	645
0.782609	2723
0.826087	10967
0.869565	42645
0.913043	159092
0.956522	571633
1	152117
1.04348	13727
1.08696	2287
1.13043	550
1.17391	184
1.21739	62
1.26087	14
0.860465	1
0.906977	90
0.953488	2287
1	19033
1.04651	37743
1.09302	32347
1.13953	9068
1.18605	1764
1.23256	620
1.27907	330
1.32558	149
1.37209	54
1.4186	20
1.46512	6
0.791667	55
0.833333	1036
0.875	9358
0.916667	56830
0.958333	284194
1	1220332
1.04167	1621769
1.08333	597452
1.125	6654
1.16667	446
1.20833	137
1.25	78
1.29167	25
1.33333	2
0.740741	64
0.777778	366
0.814815	2550
0.851852	13817
0.888889	72261
0.925926	355400
0.962963	1630883
1	3424396
1.03704	1645302
1.07407	16912
1.11111	1296
1.14815	207
1.18519	37
1.22222	4
1.25926	4
1.2963	3
1.33333	4
0.64	13
0.68	71
0.72	332
0.76	1632
0.8	7126
0.84	31452
0.88	132099
0.92	526489
0.96	1988351
1	4687051
1.04	2983654
1.08	13387
1.12	454
1.16	73
1.2	12
1.24	2
0.72549	3
0.764706	32
0.803922	251
0.843137	1999
0.882353	12918
0.921569	75459
0.960784	394290
1	162038
1.03922	23012
1.07843	2797
1.11765	662
1.15686	234
1.19608	103
1.23529	21
1.27451	7
1.31373	3
0.72	1
0.76	30
0.8	174
0.84	921
0.88	5557
0.92	29744
0.96	151835
1	366730
1.04	321813
1.08	14744
1.12	1923
1.16	645
1.2	334
1.24	173
1.28	95
1.32	66
1.36	26
1.4	3
0.688889	15
0.733333	55
0.777778	302
0.822222	1504
0.866667	6698
0.911111	29316
0.955556	121097
1	182217
1.04444	88843
1.08889	12329
1.13333	2484
1.17778	580
1.22222	93
1.26667	11
0.75	100
0.791667	499
0.833333	2656
0.875	13148
0.916667	59342
0.958333	251219
1	129022
1.04167	13709
1.08333	700
1.125	71
1.16667	4
0.68	17
0.72	89
0.76	568
0.8	3008
0.84	15373
0.88	71239
0.92	312339
0.96	1271073
1	1047683
1.04	27531
1.08	903
1.12	219
1.16	50
1.2	13
0.708333	1
0.75	3
0.791667	177
0.833333	1225
0.875	6870
0.916667	36066
0.958333	172823
1	475401
1.04167	482020
1.08333	52397
1.125	2849
1.16667	413
1.20833	56
