193 514
1000.0 0
1000.0 1
1000.0 2
1000.0 3
1000.0 4
1000.0 5
1000.0 6
1000.0 7
1000.0 8
1000.0 9
1000.0 10
1000.0 11
1000.0 12
1000.0 13
1000.0 14
1000.0 15
1000.0 16
1000.0 17
1000.0 18
1000.0 19
1000.0 20
1000.0 21
1000.0 22
1000.0 23
1000.0 24
1000.0 25
1000.0 26
1000.0 27
1000.0 28
1000.0 29
1000.0 30
1000.0 31
1000.0 32
1000.0 33
1000.0 34
1000.0 35
1000.0 36
1000.0 37
1000.0 38
1000.0 39
1000.0 40
1000.0 41
1000.0 42
1000.0 43
1000.0 44
1000.0 45
1000.0 46
1000.0 47
1000.0 48
1000.0 49
1000.0 50
1000.0 51
1000.0 52
1000.0 53
1000.0 54
1000.0 55
1000.0 56
1000.0 57
1000.0 58
1000.0 59
1000.0 60
1000.0 61
1000.0 62
1000.0 63
1000.0 64
1000.0 65
1000.0 66
1000.0 67
1000.0 68
1000.0 69
1000.0 70
1000.0 71
1000.0 72
1000.0 73
1000.0 74
1000.0 75
1000.0 76
1000.0 77
1000.0 78
1000.0 79
1000.0 80
1000.0 81
1000.0 82
1000.0 83
1000.0 84
1000.0 85
1000.0 86
1000.0 87
1000.0 88
1000.0 89
1000.0 90
1000.0 91
1000.0 92
1000.0 93
1000.0 94
1000.0 95
1000.0 96
1000.0 97
1000.0 98
1000.0 99
1000.0 100
1000.0 101
1000.0 102
1000.0 103
1000.0 104
1000.0 105
1000.0 106
1000.0 107
1000.0 108
1000.0 109
1000.0 110
1000.0 111
1000.0 112
1000.0 113
1000.0 114
1000.0 115
1000.0 116
1000.0 117
1000.0 118
1000.0 119
1000.0 120
1000.0 121
1000.0 122
1000.0 123
1000.0 124
1000.0 125
1000.0 126
1000.0 127
1000.0 128
1000.0 129
1000.0 130
1000.0 131
1000.0 132
1000.0 133
1000.0 134
1000.0 135
1000.0 136
1000.0 137
1000.0 138
1000.0 139
1000.0 140
1000.0 141
1000.0 142
1000.0 143
1000.0 144
1000.0 145
1000.0 146
1000.0 147
1000.0 148
1000.0 149
1000.0 150
1000.0 151
1000.0 152
1000.0 153
1000.0 154
1000.0 155
1000.0 156
1000.0 157
1000.0 158
1000.0 159
1000.0 160
1000.0 161
1000.0 162
1000.0 163
1000.0 164
1000.0 165
1000.0 166
1000.0 167
1000.0 168
1000.0 169
1000.0 170
1000.0 171
1000.0 172
1000.0 173
1000.0 174
1000.0 175
1000.0 176
1000.0 177
1000.0 178
1000.0 179
1000.0 180
1000.0 181
1000.0 182
1000.0 183
1000.0 184
1000.0 185
1000.0 186
1000.0 187
1000.0 188
1000.0 189
1000.0 190
1000.0 191
1000.0 192
39.0930061340332 2 1 0
36.09998321533203 5 4 3
34.105247497558594 8 7 6
26.88014030456543 11 10 9
34.2249870300293 14 13 12
26.38241958618164 11 10 9
43.313697814941406 15 8 7 6
21.159992218017578 18 17 16
32.98505783081055 19 11 10 9
31.243228912353516 21 20 15
27.27271842956543 24 23 22
36.363616943359375 25 24 23 22
63.63631057739258 21 20 15 8 7 6
44.462928771972656 26 14 13 12
19.564781188964844 29 28 27
24.29999351501465 32 31 30
32.399986267089844 35 34 33
36.4476203918457 38 37 36
46.80390167236328 39 38 37 36
38.520816802978516 42 41 40
39.271087646484375 43 19 11 10 9
42.666629791259766 44 35 34 33
26.125757217407227 45 18 17 16
37.734676361083984 48 47 46
44.95151138305664 49 2 1 0
52.17387390136719 51 50 25 24 23 22
33.79997634887695 52 32 31 30
27.675655364990234 55 54 53
44.08470916748047 56 52 32 31 30
82.04534912109375 58 57 26 14 13 12
43.10341262817383 50 25 24 23 22
29.09758758544922 61 60 59
20.571420669555664 64 63 62
33.828956604003906 67 66 65
40.16361618041992 68 42 41 40
49.47055435180664 58 57 13
42.89420700073242 69 67 66 65
69.31951141357422 56 21 20 15 8 7 6
50.70419692993164 70 68 42 41 40
62.22722625732422 71 70 68 42 41 40
101.67345428466797 56 52 32 31 30 21 20 15 8 7 6
87.00215148925781 51 50 43 25 24 23 22 19 11 10 9
71.80573272705078 44 35 34 33 5 4 3
44.64023971557617 43 23 19 11 10 9
27.5861873626709 72 45 18 17 16
52.07680892944336 39 38 37 36 31
25.235742568969727 75 74 73
44.84346008300781 71 48 47 46
40.98357391357422 33 5 4 3
87.39681243896484 60 58 57 26 14 13 12
16.50003433227539 78 77 76
19.852962493896484 79 29 28 27
90.92601013183594 71 70 68 48 47 46 42 41 40
130.70916748046875 56 52 39 38 37 36 32 31 30 21 20 15 8 7 6
22.763282775878906 82 81 80
18.331083297729492 85 84 83
85.21819305419922 51 50 45 43 25 24 23 22 19 11 10 9
95.51380920410156 61 60 59 58 57 26 14 13 12
13.020371437072754 88 87 86
17.60867691040039 91 90 89
101.00074005126953 72 51 50 45 43 25 24 23 22 19 18 17 16 11 10 9
125.23397827148438 71 70 68 49 48 47 46 42 41 40 2 1 0
11.99701976776123 94 93 92
12.136164665222168 97 96 95
95.19837951660156 71 70 68 49 48 47 46 42 41 40
125.2734375 89 56 52 39 38 37 36 32 31 30 21 20 15 8 7 6
136.82015991210938 91 90 89 56 52 39 38 37 36 32 31 30 21 20 15 8 7 6
24.838977813720703 100 99 98
14.873587608337402 102 101 79
65.9083023071289 74 44 35 34 33 5 4 3
17.176132202148438 103 88 87 86
94.02815246582031 80 61 60 59 58 57 26 14 13 12
23.895503997802734 100 99 98
36.65122604370117 69 67 66 65 63
108.56346130371094 82 81 80 61 60 59 58 57 26 14 13 12
40.739540100097656 104 69 67 66 65 63
27.06985855102539 107 106 105 100 99 98
76.93128204345703 75 74 73 44 35 34 33 5 4 3
26.589780807495117 106 105 100 99 98
16.56099510192871 108 103 88 87 86
38.07375717163086 112 111 110 109 107 106 105 100 99 98
18.500757217407227 113 79 29 28 27
24.61860466003418 116 115 114 97 96 95
21.65293312072754 106 105 100
12.803362846374512 115 114 95
13.35905647277832 117 94 93 92
26.427688598632812 51 35 32
36.74706268310547 120 119 118
38.145729064941406 124 123 122 121 112 111 110 109 107 106 105 100 99 98
46.352996826171875 125 104 69 67 66 65 64 63 62
15.518180847167969 116 115 114 95
17.11396598815918 96 85 84 83
20.739824295043945 128 127 126 108 103 88 87 86
22.849973678588867 132 131 130 129 128
12.96339225769043 133 78 77 76
12.685735702514648 133 78 77 76
85.3525161743164 125 116 115 114 104 97 96 95 85 84 83 69 67 66 65 64 63 62 54
25.96770477294922 136 135 134
24.622549057006836 113 102 101 79 29 28 27
15.812809944152832 125 64 63 62
49.42108154296875 125 104 69 67 66 65 64 63 62 54
15.396428108215332 126 108 103 88 87 86
10.597644805908203 112 111 110
12.147404670715332 137 136 93
24.090763092041016 61 24 5
23.552946090698242 60 22 4
11.87938117980957 138 137 136 93
37.08897018432617 139 132 131 130 129 128 127 126 108 103 88 87 86
23.648548126220703 109 107 106 105 100 99 98
23.22471809387207 50 33 31
29.053421020507812 121 112 111 110 109 107 106 105 100 99 98
6.952877521514893 122 109 102
11.439079284667969 117 94 93 92
20.02718162536621 139 132 131 130 129 128
24.36726188659668 136 135 134 76
30.749610900878906 51 35 32 12
5.903111934661865 140 135 76
7.671560764312744 105 101 99
14.048188209533691 127 126 108 103 88 87 86
28.323274612426758 123 122 121 112 111 110 109 107 106 105 100 99 98
27.670862197875977 112 109 107 106 105 100 99 98
6.024099349975586 142 141 86
20.510862350463867 69 44 13
28.476844787597656 90 81 73 9
28.620071411132812 50 33 31 26
20.624177932739258 90 73 9
12.77949047088623 143 133 78 77 76
40.240943908691406 146 145 144 139 132 131 130 129 128 127 126 108 103 88 87 86
27.8859806060791 116 115 114 97 96 95 85 84 83
22.07638931274414 140 136 135 134 76
22.076356887817383 140 136 135 134 76
14.163278579711914 147 55 54 53
19.969209671020508 80 74 19
7.571375846862793 146 145 144
9.91288948059082 148 121 112
30.111373901367188 149 136 94
12.177630424499512 151 150 143 133 78 77 76
19.933940887451172 38 23 3
30.585386276245117 152 124 123 122 121 112 111 110 109 107 106 105 100 99 98
24.49277114868164 112 111 110 109 107 106 105 100 99 98
29.267024993896484 153 149 136 94
41.38895797729492 125 116 104 69 67 66 65 64 63 62 54
13.65726089477539 154 151 150 143 133 78 77 76
25.410358428955078 114 61 24 5
31.702640533447266 90 84 81 73 9
18.198820114135742 45 34 14
18.383708953857422 82 75 10
33.621131896972656 156 155 152 124 123 122 121 112 111 110 109 107 106 105 100 99 98
33.73278045654297 158 157 156 155 152 148 124 123 122 121 113 112 111 110 109 107 106 105 102 101 100 99 98 79 29 28 27
11.169549942016602 150 143 133 78 77 76
22.74582290649414 116 60 22 4
21.217998504638672 65 40 26
12.827963829040527 159 117 94 93 92
22.228944778442383 96 80 74 19
16.56229019165039 52 44 17
62.03415298461914 147 125 116 115 114 104 97 96 95 85 84 83 69 67 66 65 64 63 62 55 54 53
13.69573974609375 157 101 100
21.577938079833984 140 136 135 134 78 76
8.117852210998535 146 145 144 86
19.941669464111328 122 121 112 111 110 109 107 106 105 100 99 98
16.376379013061523 56 44 18
24.857397079467773 152 124 123 122 121 112 111 110 109 107 106 105 100 99 98
21.75330352783203 59 38 23 3
9.08752727508545 158 157 112 107 106
4.38613224029541 121 107 106
28.83890151977539 160 146 145 144 142 141 139 132 131 130 129 128 127 126 108 103 88 87 86
25.138734817504883 67 51 35 32 12
5.735379219055176 160 142 141 86
26.422679901123047 156 155 152 148 124 123 122 121 112 111 110 109 107 106 105 100 99 98
18.282894134521484 66 41 14
34.171234130859375 65 50 40 33 31 26
23.757095336914062 155 152 124 123 122 121 112 111 110 109 107 106 105 100 99 98
4.709254741668701 161 148 110
8.977960586547852 164 163 162 145
12.950504302978516 158 157 101 100
11.626201629638672 151 149 78
3.9721059799194336 139 130 113
17.01346778869629 115 71 59
22.936994552612305 69 52 44 17 13
18.089595794677734 83 82 75 10
6.572136402130127 165 138 137 136 93
49.554019927978516 167 166 160 158 157 156 155 152 148 146 145 144 142 141 139 132 131 130 129 128 127 126 124 123 122 121 113 112 111 110 109 108 107 106 105 103 102 101 100 99 98 88 87 86 79 29 28 27
22.549179077148438 168 154 151 150 143 140 136 135 134 133 78 77 76
9.493633270263672 168 154 151 150 143 133 78 77 76
25.898998260498047 66 45 41 34 14
8.7037935256958 169 164 146
16.39760971069336 64 58 49
7.835607528686523 157 112 106
48.30501174926758 167 166 160 158 157 156 155 152 148 146 145 144 142 141 139 132 131 130 129 128 127 126 124 123 122 121 113 112 111 110 109 108 107 106 105 103 102 101 100 99 98 88 87 86 79 29 28 27
25.761837005615234 116 70 60 22 4
29.5867977142334 90 84 81 73 46 9
23.283885955810547 166 158 157 156 155 152 148 124 123 122 121 113 112 111 110 109 107 106 105 102 101 100 99 98 79 29 28 27
11.845483779907227 173 172 171 170
5.388998985290527 174 150 143
7.882485866546631 153 134 94
9.858539581298828 172 171 170
45.98487091064453 166 160 158 157 156 155 152 148 146 145 144 142 141 139 132 131 130 129 128 127 126 124 123 122 121 113 112 111 110 109 108 107 106 105 103 102 101 100 99 98 88 87 86 79 29 28 27
20.662113189697266 168 154 151 150 143 140 136 135 134 133 78 77 76
20.5338077545166 95 59 38 23 3
27.16677474975586 90 84 81 73 46 11 9
20.830280303955078 158 157 156 155 152 148 124 123 122 121 112 111 110 109 107 106 105 101 100 99 98
3.7821567058563232 175 109 79
42.8930778503418 167 166 160 158 157 156 155 152 148 146 145 144 142 141 139 132 131 130 129 128 127 126 124 123 122 121 113 112 111 110 109 108 107 106 105 103 102 101 100 99 98 88 87 86 79 29 28 27
11.970236778259277 39 33 25
22.64031219482422 83 82 75 48 10
21.839143753051758 166 160 146 145 144 142 141 139 132 131 130 129 128 127 126 108 103 88 87 86
3.968099594116211 175 152 28
41.18455123901367 167 166 160 158 157 156 155 152 148 146 145 144 142 141 139 132 131 130 129 128 127 126 124 123 122 121 113 112 111 110 109 108 107 106 105 103 102 101 100 99 98 88 87 86 79 29 28 27
18.760766983032227 114 61 36 24 5
3.9296321868896484 148 107 106
6.3193440437316895 158 157 112 106
11.841547966003418 50 35 14
3.5948543548583984 177 176 148
31.024499893188477 166 156 120 113
24.001544952392578 66 45 41 34 30 14
23.676679611206055 116 70 60 39 22 4
10.912858963012695 60 23 5
23.311315536499023 149 120 77
16.415555953979492 69 52 44 18 17 13
4.4220356941223145 123 109 101
22.68280029296875 151 149 120 78 77
2.8399760723114014 177 161 121
11.060354232788086 174 154 149
22.087717056274414 91 89 83 82 75 48 10
34.43010330200195 179 178 177 176 167 166 160 158 157 156 155 152 148 146 145 144 142 141 139 132 131 130 129 128 127 126 124 123 122 121 113 112 111 110 109 108 107 106 105 103 102 101 100 99 98 88 87 86 79 29 28 27
3.5918426513671875 178 167 103
20.9453182220459 90 84 81 73 46 11 9
6.638200283050537 159 138 117 94 93 92
32.66816329956055 180 166 156 120 113
10.634544372558594 63 58 49
18.962589263916016 89 83 82 75 48 10
20.81891441345215 151 149 120 119 118 78 77
12.190000534057617 60 37 23 5
14.779560089111328 159 153 149 138 136 117 94 93 92
11.64790153503418 39 33 25 12
29.583606719970703 147 125 116 115 114 104 97 96 95 85 84 83 69 67 66 65 64 63 62 55 54 53
10.088613510131836 85 82 46
28.84906578063965 178 167 166 160 158 157 156 155 152 148 146 145 144 142 141 139 132 131 130 129 128 127 126 124 123 122 121 113 112 111 110 109 108 107 106 105 103 102 101 100 99 98 88 87 86 79 29 28 27
18.026580810546875 66 52 45 41 34 30 17 14
9.553417205810547 125 62 57 1
17.373502731323242 114 71 61 36 24 5
8.373124122619629 174 154 150 149 143
5.153289794921875 165 138 137 136 93
26.488325119018555 179 178 167 166 160 158 157 156 155 152 148 146 145 144 142 141 139 132 131 130 129 128 127 126 124 123 122 121 113 112 111 110 109 108 107 106 105 103 102 101 100 99 98 88 87 86 79 29 28 27
16.35618019104004 115 95 71 59 38 23 3
9.371952056884766 104 60 40
13.849647521972656 96 80 74 47 19
8.660550117492676 125 57 2
15.394196510314941 182 181 120
20.22273826599121 155 120 29
24.084537506103516 179 178 167 166 160 158 157 156 155 152 148 146 145 144 142 141 139 132 131 130 129 128 127 126 124 123 122 121 113 112 111 110 109 108 107 106 105 103 102 101 100 99 98 88 87 86 79 29 28 27
15.333349227905273 67 51 50 41 35 32 31 14 12
2.942268133163452 177 176 158 157 148
9.98507308959961 184 183 136
16.664888381958008 174 154 151 150 149 143 120 119 118 78 77
22.44417953491211 179 178 177 176 167 166 160 158 157 156 155 152 148 146 145 144 142 141 139 132 131 130 129 128 127 126 124 123 122 121 113 112 111 110 109 108 107 106 105 103 102 101 100 99 98 88 87 86 79 29 28 27
3.458522319793701 158 157 121 112 107 106
18.214982986450195 183 155 120 29 27
21.816999435424805 186 185 120
13.94531536102295 65 50 42 40 39 33 31 26 25 12
3.2257680892944336 177 161 148 121 112
21.3875675201416 179 178 167 166 160 158 157 156 155 152 148 146 145 144 142 141 139 132 131 130 129 128 127 126 124 123 122 121 113 112 111 110 109 108 107 106 105 103 102 101 100 99 98 88 87 86 79 29 28 27
17.322704315185547 155 120 29 27
13.173623085021973 67 51 41 35 32 12
20.708274841308594 179 178 167 166 160 158 157 156 155 152 148 146 145 144 142 141 139 132 131 130 129 128 127 126 124 123 122 121 113 112 111 110 109 108 107 106 105 103 102 101 100 99 98 88 87 86 79 29 28 27
6.919370651245117 147 125 57 2
5.230295181274414 184 134 117
11.985005378723145 66 52 45 41 34 30 14
8.586041450500488 69 66 52 44 18 17 13
11.807939529418945 67 51 50 41 35 32 14 12
11.7264986038208 116 114 70 60 39 25 22 4
11.818779945373535 187 182 181 120
12.449544906616211 104 60 40 37 23 5
10.827220916748047 115 95 71 59 38 23 3
8.324784278869629 159 153 149 138 136 117 94 93 92
3.936751127243042 184 153 134 117 94
10.575218200683594 91 90 84 81 73 46 11 9
2.5921547412872314 176 158 157 121 112 107 106
10.337579727172852 116 114 70 60 39 22 4
7.951414585113525 165 159 153 149 138 137 136 117 94 93 92
7.023085594177246 174 168 154 151 150 143 140 136 135 134 133 78 77 76
5.423573017120361 62 57 1
9.329092025756836 65 50 40 39 33 31 26 25 12
14.541349411010742 183 180 175 166 156 155 152 120 113 29 28 27
8.706888198852539 116 114 70 60 39 36 25 22 4
8.858168601989746 115 114 71 61 36 24 5
8.422987937927246 96 91 89 83 82 75 48 10
4.8337578773498535 57 54 0
11.224745750427246 174 173 154 151 150 149 143 120 119 118 78 77
5.798151969909668 69 66 56 52 44 18 17 13
12.107470512390137 179 178 177 176 167 166 160 158 157 156 155 152 148 146 145 144 142 141 139 132 131 130 129 128 127 126 124 123 122 121 113 112 111 110 109 108 107 106 105 103 102 101 100 99 98 88 87 86 79 29 28 27
11.532890319824219 179 178 177 176 175 167 166 160 158 157 156 155 152 148 146 145 144 142 141 139 132 131 130 129 128 127 126 124 123 122 121 113 112 111 110 109 108 107 106 105 103 102 101 100 99 98 88 87 86 79 29 28 27
11.598209381103516 183 180 175 166 156 155 152 124 120 113 29 28 27
7.102507591247559 115 114 71 61 38 36 24 5
6.18585729598999 96 80 74 47 19 10
12.216584205627441 174 173 172 171 170 154 151 150 149 143 120 119 118 78 77
1.4779767990112305 177 161 148 121 112 110
11.020869255065918 183 180 166 156 155 152 120 113 29 27
9.324686050415039 174 173 154 151 150 149 143 120 119 118 78 77
8.643143653869629 183 156 155 120 29 27
10.267779350280762 183 180 166 156 155 120 113 29 27
1.460481882095337 190 189 188
4.099697113037109 191 181 172
5.966357231140137 67 51 50 41 35 32 31 14 12
20.514816284179688 192 188
13.097424507141113 173 171
11.657182693481445 138 94
9.752032279968262 153 94
14.413121223449707 172 170
16.361074447631836 174 133
11.346445083618164 176 106
12.399276733398438 158 106
14.556321144104004 148 106
8.83370304107666 107 106
14.271331787109375 124 28
12.740700721740723 155 29
14.452943801879883 155 27
8.091825485229492 179 132
8.09928035736084 167 87
8.220444679260254 175 28
8.746878623962402 146 141
