0 48
0 48
0 48
0 48
0 48
0 48
0 48
0 48
0 48
0 48
0 48
0 48
0 48
0 48
0 48
0 48
0 48
0 48
0 48
0 48
0 48
0 48
0 48
0 48
0 48
0 48
0 48
0 48
0 48
0 48
0 48
0 48
0 48
0 48
0 48
0 48
0 48
0 48
0 48
0 48
0 48
0 48
0 48
0 48
0 48
0 48
0 48
0 48
0 48
0 48
0 48
0 48
0 48
0 48
0 48
0 48
0 48
0 48
0 48
0 48
0 48
0 48
0 48
0 48
0 48
0 48
0 48
0 48
0 48
0 48
0 48
0 48
0 48
0 48
0 48
0 48
0 48
0 48
0 48
0 48
0 48
0 48
0 48
0 48
0 48
0 48
0 48
0 48
0 48
0 48
0 48
0 48
0 48
0 48
0 48
0 48
0 48
0 48
0 48
0 48
0 48
0 48
0 48
0 48
0 48
0 48
0 48
0 48
0 48
0 48
0 48
0 48
0 48
0 48
0 48
0 48
0 48
0 48
0 48
0 48
0 48
0 48
0 48
0 48
0 48
0 48
0 48
0 48
0 48
0 48
0 48
0 48
0 48
0 48
0 48
0 48
0 48
0 48
0 48
0 48
0 48
0 48
0 48
0 48
0 48
0 48
0 48
0 48
0 48
0 48
0 48
0 48
0 48
0 48
0 48
0 48
0 48
0 48
0 48
0 48
0 48
0 48
0 48
0 48
0 48
0 48
0 48
0 48
0 48
0 48
0 48
0 48
0 48
0 48
0 48
0 48
0 48
0 48
0 48
0 48
0 48
0 48
0 48
0 48
0 48
0 48
0 48
0 48
0 48
0 48
0 48
0 48
0 48
0 48
0 48
0 48
0 48
0 48
0 48
0 48
0 48
0 48
0 48
0 48
0 48
0 48
0 48
0 48
0 48
0 48
0 48
0 48
0 48
0 48
0 48
0 48
0 48
0 48
0 48
0 48
0 48
0 48
0 48
0 48
0 48
0 48
0 48
0 48
0 48
0 48
0 48
0 48
0 48
0 48
0 48
0 48
0 48
0 48
0 48
0 48
0 48
0 48
0 48
0 48
0 48
0 48
0 48
0 48
0 48
0 48
0 48
0 48
0 48
0 48
0 48
0 48
0 48
0 48
0 48
0 48
0 48
0 48
0 48
0 48
0 48
0 48
0 48
0 48
0 48
0 48
0 48
0 48
0 48
0 48
0 48
0 48
0 48
0 48
0 48
0 48
0 48
0 48
0 48
0 48
0 48
0 48
0 48
0 48
0 48
0 48
0 48
0 48
0 48
0 48
0 48
0 48
0 48
0 48
0 48
0 48
0 48
0 48
0 48
0 48
0 48
0 48
0 48
0 48
0 48
0 48
0 48
0 48
0 48
0 48
0 48
0 48
0 48
0 48
0 48
0 48
0 48
0 48
0 48
0 48
0 48
0 48
0 48
0 48
0 48
0 48
0 48
0 48
0 48
0 48
0 48
0 48
0 48
0 48
0 48
0 48
0 48
0 48
0 48
0 48
0 48
0 48
0 48
0 48
0 48
0 48
0 44
0 44
0 44
0 44
0 44
0 44
0 44
0 44
0 44
0 44
0 44
0 44
0 44
0 44
0 44
0 44
0 44
0 44
0 44
0 44
0 44
0 44
0 44
0 44
0 44
0 44
0 44
0 44
0 44
0 44
0 44
0 44
0 44
0 44
0 44
0 48
0 48
0 48
0 48
0 48
0 48
0 48
0 48
0 48
0 48
0 48
0 48
0 48
0 48
0 48
0 48
0 48
0 48
0 48
0 48
0 48
0 48
0 48
0 48
0 48
0 48
0 48
0 48
0 48
0 48
0 48
0 48
0 48
0 48
0 48
0 42
0 42
0 42
0 42
0 42
0 42
0 42
0 42
0 42
0 42
0 42
0 42
0 42
0 42
0 42
0 42
0 42
0 42
0 42
0 42
0 42
0 42
0 42
0 42
0 42
0 42
0 42
0 42
0 42
0 42
0 42
0 42
0 42
0 42
0 42
0 38
0 38
0 38
0 38
0 38
0 38
0 38
0 38
0 38
0 38
0 38
0 38
0 38
0 38
0 38
0 38
0 38
0 38
0 38
0 38
0 38
0 38
0 38
0 38
0 38
0 38
0 38
0 38
0 38
0 38
0 38
0 38
0 38
0 38
0 38
0 36
0 36
0 36
0 36
0 36
0 36
0 36
0 36
0 36
0 36
0 36
0 36
0 36
0 36
0 36
0 36
0 36
0 36
0 36
0 36
0 36
0 36
0 36
0 36
0 36
0 36
0 36
0 36
0 36
0 36
0 36
0 36
0 36
0 36
0 36
0 34
0 34
0 34
0 34
0 34
0 34
0 34
0 34
0 34
0 34
0 34
0 34
0 34
0 34
0 34
0 34
0 34
0 34
0 34
0 34
0 34
0 34
0 34
0 34
0 34
0 34
0 34
0 34
0 34
0 34
0 34
0 34
0 34
0 34
0 34
0 34
0 34
0 34
0 34
0 34
0 34
0 34
0 34
0 34
0 34
0 34
0 34
0 34
0 34
0 34
0 34
0 34
0 34
0 34
0 34
0 34
0 34
0 34
0 34
0 34
0 34
0 34
0 34
0 34
0 34
0 34
0 34
0 34
0 34
0 34
0 34
0 34
0 34
0 34
0 34
0 34
0 34
0 34
0 34
0 34
0 34
0 34
0 34
0 34
0 34
0 34
0 34
0 34
0 34
0 34
0 34
0 34
0 34
0 34
0 34
0 34
0 34
0 34
0 34
0 34
0 34
0 34
0 34
0 34
0 34
1 48
2 44
3 42
4 40
5 34
1 18
2 16
3 15
1 87
0 15
1 85
0 34
1 48
2 44
3 42
4 40
1 48
2 44
3 42
4 40
1 48
2 44
3 42
4 40
1 48
2 44
3 42
4 40
1 48
2 44
3 42
4 40
1 48
2 44
3 42
4 40
1 48
2 44
3 42
4 40
1 48
2 44
3 42
4 40
1 48
2 44
3 42
4 40
1 48
2 44
3 42
4 40
1 48
2 44
3 42
4 40
1 48
2 44
3 42
4 40
1 48
2 44
3 42
4 40
1 48
2 44
3 42
4 40
1 48
2 44
3 42
4 40
1 48
2 44
3 42
4 40
1 48
2 44
3 42
4 40
1 48
2 44
3 42
4 40
1 48
2 44
3 42
4 40
1 48
2 44
3 42
4 40
1 48
2 44
3 42
4 40
1 48
2 44
3 42
4 40
1 48
2 44
3 42
4 40
1 48
2 44
3 42
4 40
1 48
2 44
3 42
4 40
1 48
2 44
3 42
4 40
1 48
2 44
3 42
4 40
1 48
2 44
3 42
4 40
1 48
2 44
3 42
4 40
1 48
2 44
3 42
4 40
1 48
2 44
3 42
4 40
1 48
2 44
3 42
4 40
1 48
2 44
3 42
4 40
1 48
2 44
3 42
4 40
0 34
0 11
1 18
2 16
3 15
1 48
2 44
3 42
4 40
5 34
0 15
1 87
1 42
2 39
1 18
2 16
1 49
0 34
0 11
0 34
0 39
0 34
1 36
2 32
1 104
1 48
2 44
3 42
4 40
5 34
0 14
0 34
0 46
0 34
0 8
0 6
0 34
0 30
0 34
0 1
0 11
1 48
2 44
3 42
4 40
5 34
0 34
0 24
0 11
0 6
0 34
0 24
1 27
2 26
1 25
0 34
0 27
2 24
1 26
1 48
2 44
3 42
4 40
5 34
0 34
1 90
0 34
0 52
0 34
0 88
0 34
1 48
2 44
3 42
4 40
5 34
0 34
0 34
1 56
2 54
1 80
2 78
0 34
1 48
2 44
3 42
4 40
5 34
0 34
0 34
0 34
0 34
1 48
2 44
3 42
4 40
5 34
0 34
0 34
0 34
1 48
2 44
3 42
4 40
5 34
0 34
0 34
0 34
0 34
1 48
2 44
3 42
4 40
5 34
0 34
0 34
0 34
0 34
1 48
2 44
3 42
4 40
5 34
0 34
0 34
0 34
1 48
2 44
3 42
4 40
5 34
1 48
2 44
3 42
4 40
5 34
1 48
2 44
3 42
4 40
5 34
1 48
2 44
3 42
4 40
5 34
1 13
2 12
3 11
1 48
2 44
3 42
4 40
5 34
1 39
1 13
2 12
3 11
1 48
2 44
3 42
4 40
5 34
1 39
1 48
2 44
3 42
4 40
5 34
1 48
2 44
3 42
4 40
5 34
1 48
2 44
3 42
4 40
5 34
1 48
2 44
3 42
4 40
5 34
1 14
1 48
2 44
3 42
4 40
5 34
1 48
2 44
3 42
4 40
5 34
1 14
1 46
1 48
2 44
3 42
4 40
5 34
1 48
2 44
3 42
4 40
5 34
1 46
1 48
2 44
3 42
4 40
5 34
1 48
2 44
3 42
4 40
5 34
1 48
2 44
3 42
4 40
5 34
1 48
2 44
3 42
4 40
5 34
1 48
2 44
3 42
4 40
5 34
1 48
2 44
3 42
4 40
5 34
1 48
2 44
3 42
4 40
5 34
1 48
2 44
3 42
4 40
5 34
1 9
2 8
1 6
1 30
1 48
2 44
3 42
4 40
5 34
1 9
2 8
1 6
1 30
1 48
2 44
3 42
4 40
5 34
1 120
1 1
1 11
1 24
1 48
2 44
3 42
4 40
5 34
1 120
1 1
1 11
1 24
1 13
2 12
3 11
1 8
2 6
1 27
2 26
3 25
4 24
5 21
1 13
2 12
3 11
1 8
2 6
1 27
2 26
3 25
4 24
5 21
1 26
2 25
0 18
0 13
0 39
0 14
0 41
0 8
0 6
0 30
0 1
0 11
0 24
0 12
0 6
0 26
0 27
0 16
0 16
0 15
0 32
0 16
0 44
0 8
0 6
0 31
0 1
0 13
0 24
0 11
0 6
0 25
0 29
0 48
0 16
0 15
0 32
0 16
0 44
0 8
0 6
0 31
0 1
0 13
0 24
0 11
0 6
0 25
0 29
0 18
0 48
0 16
0 15
0 32
0 16
0 41
0 8
0 6
0 31
0 1
0 13
0 24
0 11
0 6
0 25
0 29
0 13
0 43
0 38
0 14
0 16
0 15
0 32
0 16
0 44
0 8
0 6
0 31
0 1
0 13
0 24
0 11
0 6
0 25
0 29
0 43
0 41
0 8
0 6
0 30
0 1
0 11
0 24
0 12
0 6
0 26
0 27
0 16
0 15
0 32
0 16
0 44
0 8
0 6
0 31
0 1
0 13
0 24
0 11
0 6
0 25
0 29
0 43
0 16
0 15
0 32
0 16
0 15
0 30
0 16
0 41
0 8
0 6
0 31
0 1
0 13
0 24
0 11
0 6
0 25
0 29
0 43
0 16
0 15
0 32
0 16
0 8
0 6
0 31
0 1
0 13
0 24
0 11
0 6
0 25
0 29
0 18
0 13
0 36
0 14
0 16
0 15
0 30
0 16
0 8
0 6
0 31
0 1
0 13
0 24
0 11
0 6
0 25
0 29
0 8
0 6
0 28
0 1
0 11
0 24
0 12
0 6
0 26
0 27
0 8
0 6
0 31
0 1
0 13
0 24
0 11
0 6
0 25
0 29
0 16
0 15
0 32
0 16
0 18
0 13
0 16
0 15
0 32
0 16
0 8
0 6
0 31
0 1
0 13
0 24
0 11
0 6
0 25
0 29
0 14
0 16
0 15
0 8
0 6
0 31
0 30
0 16
0 1
0 13
0 24
0 11
0 6
0 25
0 29
0 16
0 15
0 8
0 6
0 28
0 1
0 11
0 24
0 12
0 6
0 26
0 27
0 18
0 13
0 8
0 6
0 29
0 1
0 13
0 24
0 11
0 6
0 24
0 29
0 16
0 15
0 16
0 14
0 8
0 6
0 28
0 1
0 11
0 24
0 12
0 6
0 24
0 27
0 16
0 13
0 14
0 8
0 6
0 1
0 11
0 22
0 12
0 6
0 23
0 23
0 16
0 13
0 14
0 8
0 6
0 1
0 11
0 11
0 6
0 12
0 14
0 8
0 6
0 1
0 11
0 11
0 6
0 8
0 6
0 1
0 6
0 1
0 16
0 16
0 15
0 8
0 6
0 29
0 1
0 13
0 24
0 11
0 6
0 25
0 29
0 16
0 15
0 8
0 6
0 16
0 29
0 1
0 13
0 24
0 11
0 6
0 25
0 29
0 16
0 15
0 16
0 8
0 6
0 8
0 6
0 27
0 1
0 13
0 23
0 11
0 6
0 24
0 26
0 16
0 15
0 16
0 8
0 6
0 1
0 13
0 24
0 11
0 6
0 24
0 24
0 16
0 15
0 16
0 8
0 6
0 16
0 8
0 6
0 1
0 13
0 24
0 11
0 6
0 24
0 24
0 16
0 15
0 16
0 8
0 6
0 1
0 13
0 1
0 13
0 23
0 11
0 6
0 23
0 23
0 16
0 12
0 14
0 8
0 6
0 1
0 13
0 11
0 6
0 1
0 13
0 11
0 6
0 11
0 6
0 14
0 14
0 8
0 6
0 1
0 13
0 14
0 14
0 8
0 6
0 1
0 13
0 11
0 6
0 12
0 14
0 8
0 6
0 1
0 13
0 11
0 6
0 11
0 6
0 8
0 6
0 1
0 6
0 1
0 8
0 6
0 1
0 6
0 1
0 8
0 6
0 1
0 6
0 1
0 18
0 16
0 72
0 15
0 32
0 16
0 44
0 8
0 6
0 31
0 16
0 72
0 15
0 32
0 16
0 44
0 8
0 6
0 31
0 13
0 39
0 14
0 46
0 8
0 6
0 30
0 103
0 1
0 13
0 24
0 11
0 6
0 25
0 29
0 16
0 72
0 15
0 32
0 16
0 88
0 44
0 8
0 6
0 31
0 48
0 76
0 16
0 103
0 1
0 13
0 24
0 11
0 6
0 25
0 29
0 72
0 15
0 32
0 16
0 44
0 8
0 6
0 31
0 88
0 48
0 76
0 16
0 103
0 1
0 13
0 24
0 11
0 6
0 25
0 29
0 72
0 15
0 32
0 16
0 44
0 8
0 6
0 31
0 88
0 1
0 11
0 24
0 12
0 6
0 26
0 27
0 48
0 103
0 1
0 13
0 24
0 11
0 6
0 25
0 29
0 76
0 16
0 72
0 15
0 88
0 32
0 16
0 44
0 8
0 6
0 31
0 48
0 76
0 16
0 103
0 1
0 13
0 24
0 11
0 6
0 25
0 29
0 72
0 15
0 32
0 16
0 44
0 8
0 6
0 31
0 88
0 48
0 76
0 16
0 103
0 1
0 13
0 24
0 11
0 6
0 25
0 29
0 72
0 15
0 32
0 16
0 44
0 8
0 6
0 31
0 88
0 52
0 48
0 76
0 16
0 103
0 1
0 13
0 24
0 11
0 6
0 25
0 29
0 72
0 15
0 32
0 16
0 44
0 8
0 6
0 31
0 88
0 48
0 76
0 16
0 103
0 1
0 13
0 24
0 11
0 6
0 25
0 29
0 72
0 15
0 32
0 16
0 44
0 8
0 6
0 31
0 88
0 48
0 76
0 16
0 103
0 1
0 13
0 24
0 11
0 6
0 25
0 29
0 72
0 15
0 32
0 16
0 18
0 44
0 8
0 6
0 31
0 88
0 48
0 76
0 16
0 72
0 15
0 32
0 16
0 44
0 8
0 6
0 31
0 103
0 1
0 13
0 24
0 11
0 6
0 25
0 29
0 1
0 13
0 24
0 11
0 6
0 25
0 29
0 88
0 86
0 48
0 48
0 76
0 16
0 103
0 1
0 13
0 24
0 11
0 6
0 25
0 29
0 13
0 76
0 16
0 39
0 14
0 46
0 8
0 6
0 30
0 72
0 15
0 32
0 16
0 44
0 8
0 6
0 31
0 72
0 15
0 32
0 16
0 88
0 44
0 8
0 6
0 31
0 48
0 76
0 16
0 72
0 15
0 32
0 16
0 44
0 8
0 6
0 31
0 1
0 11
0 24
0 12
0 6
0 26
0 27
0 1
0 13
0 24
0 11
0 6
0 25
0 29
0 1
0 13
0 24
0 11
0 6
0 25
0 29
0 88
0 82
0 48
0 48
0 76
0 16
0 1
0 13
0 24
0 11
0 6
0 25
0 29
0 74
0 16
0 72
0 15
0 32
0 16
0 44
0 8
0 6
0 31
0 70
0 15
0 32
0 16
0 88
0 44
0 8
0 6
0 31
0 48
0 76
0 16
0 72
0 15
0 32
0 16
0 44
0 8
0 6
0 31
0 52
0 1
0 13
0 24
0 11
0 6
0 25
0 29
0 1
0 13
0 24
0 11
0 6
0 25
0 29
0 88
0 48
0 82
0 76
0 16
0 48
0 1
0 13
0 24
0 11
0 6
0 25
0 29
0 68
0 16
0 72
0 15
0 32
0 16
0 44
0 8
0 6
0 31
0 88
0 18
0 48
0 68
0 15
0 32
0 16
0 44
0 8
0 6
0 31
0 76
0 16
0 72
0 15
0 32
0 16
0 44
0 8
0 6
0 31
0 1
0 13
0 24
0 11
0 6
0 25
0 29
0 13
0 39
0 14
0 46
0 8
0 6
0 30
0 1
0 13
0 24
0 11
0 6
0 25
0 29
0 1
0 13
0 24
0 11
0 6
0 25
0 29
0 74
0 48
0 66
0 16
0 66
0 15
0 32
0 16
0 44
0 8
0 6
0 31
0 48
0 1
0 11
0 24
0 12
0 6
0 26
0 27
0 76
0 16
0 48
0 76
0 16
0 1
0 13
0 24
0 11
0 6
0 25
0 29
0 15
0 32
0 16
0 44
0 8
0 6
0 31
0 52
0 15
0 32
0 16
0 44
0 8
0 6
0 31
0 48
0 1
0 13
0 24
0 11
0 6
0 25
0 29
0 18
0 68
0 16
0 1
0 13
0 24
0 11
0 6
0 25
0 29
0 13
0 15
0 48
0 39
0 14
0 32
0 16
0 46
0 8
0 6
0 30
0 44
0 8
0 6
0 31
0 48
0 16
0 1
0 11
0 24
0 12
0 6
0 26
0 27
0 1
0 13
0 24
0 11
0 6
0 25
0 29
0 16
0 15
0 32
0 16
0 44
0 8
0 6
0 31
0 43
0 52
0 15
0 32
0 16
0 44
0 8
0 6
0 31
0 1
0 13
0 24
0 11
0 6
0 25
0 29
0 18
0 1
0 13
0 24
0 11
0 6
0 25
0 29
0 48
0 13
0 39
0 14
0 46
0 8
0 6
0 30
0 48
0 1
0 11
0 24
0 12
0 6
0 26
0 27
0 52
0 18
0 13
0 39
0 14
0 46
0 8
0 6
0 30
0 1
0 11
0 24
0 12
0 6
0 26
0 27
0 16
0 52
0 18
0 13
0 39
0 14
0 46
0 8
0 6
0 30
0 700
0 700
0 1
0 11
0 24
0 12
0 6
0 26
0 27
0 52
0 18
0 650
0 668
0 650
0 668
0 635
0 13
0 39
0 14
0 635
0 46
0 8
0 6
0 30
0 1
0 11
0 24
0 12
0 6
0 26
0 27
0 52
0 18
0 13
0 39
0 14
0 46
0 8
0 6
0 30
0 1
0 11
0 24
0 12
0 6
0 26
0 27
0 277
0 277
0 54
0 259
0 259
0 914
0 428
0 531
0 914
0 428
0 531
0 842
0 842
0 909
0 909
0 752
0 752
0 700
0 700
0 650
0 668
0 650
0 668
0 635
0 635
0 277
0 277
0 259
0 259
0 428
0 531
0 428
0 531
0 842
0 842
0 752
0 752
0 700
0 700
0 650
0 650
0 668
0 668
0 635
0 635
0 277
0 277
0 259
0 259
0 428
0 531
0 428
0 531
0 794
0 794
0 752
0 752
0 650
0 650
0 668
0 668
0 635
0 635
0 277
0 277
0 259
0 259
0 428
0 531
0 428
0 531
0 277
0 277
0 259
0 259
0 428
0 531
0 428
0 531
0 277
0 277
0 259
0 259
0 428
0 428
0 277
0 277
0 259
0 259
0 395
0 395
0 277
0 277
0 259
0 259
0 700
0 700
0 650
0 668
0 635
0 650
0 668
0 635
0 277
0 277
0 259
0 259
0 914
0 428
0 531
0 842
0 909
0 752
0 914
0 428
0 531
0 842
0 909
0 752
0 700
0 650
0 700
0 668
0 635
0 650
0 668
0 635
0 277
0 259
0 277
0 259
0 914
0 428
0 531
0 842
0 909
0 752
0 914
0 428
0 700
0 531
0 842
0 909
0 752
0 650
0 668
0 635
0 700
0 277
0 650
0 668
0 635
0 259
0 277
0 259
0 914
0 428
0 531
0 842
0 909
0 752
0 700
0 914
0 428
0 531
0 650
0 668
0 635
0 842
0 909
0 752
0 700
0 277
0 259
0 650
0 668
0 635
0 277
0 259
0 914
0 428
0 531
0 842
0 909
0 752
0 700
0 650
0 668
0 635
0 914
0 428
0 531
0 842
0 909
0 752
0 277
0 700
0 259
0 650
0 668
0 635
0 277
0 914
0 428
0 531
0 842
0 909
0 752
0 259
0 700
0 650
0 668
0 635
0 914
0 428
0 531
0 277
0 842
0 909
0 752
0 259
0 700
0 650
0 668
0 635
0 914
0 428
0 531
0 842
0 277
0 909
0 752
0 259
0 700
0 650
0 668
0 635
0 277
0 914
0 428
0 531
0 259
0 842
0 909
0 752
0 700
0 650
0 668
0 635
0 914
0 428
0 531
0 842
0 909
0 752
0 277
0 700
0 259
0 650
0 668
0 635
0 277
0 259
0 914
0 428
0 531
0 842
0 909
0 752
0 700
0 914
0 428
0 531
0 650
0 668
0 635
0 842
0 909
0 752
0 700
0 277
0 650
0 668
0 635
0 259
0 277
0 259
0 914
0 428
0 531
0 842
0 909
0 752
0 914
0 428
0 531
0 700
0 842
0 909
0 752
0 650
0 668
0 635
0 277
0 259
0 914
0 428
0 531
0 842
0 909
0 752
